ticker,interval,ts,open,high,low,close,volume,trade_state,last_synced_at,date
PNW,1d,2025-12-10T00:00:00,87.345,87.46,86.21,86.53,672172.0,normal,2025-12-11T07:49:45.784400Z,2025-12-10
PNW,1d,2025-12-09T00:00:00,87.57,88.25,86.98,87.0,1111131.0,normal,2025-12-11T07:49:45.784400Z,2025-12-09
PNW,1d,2025-12-08T00:00:00,87.89,87.89,86.83,87.32,1547100.0,normal,2025-12-11T07:49:45.784400Z,2025-12-08
PNW,1d,2025-12-05T00:00:00,87.89,88.43,87.57,88.17,1201700.0,normal,2025-12-11T07:49:45.784400Z,2025-12-05
PNW,1d,2025-12-04T00:00:00,88.36,89.0,87.96,88.08,1671630.0,normal,2025-12-11T07:49:45.784400Z,2025-12-04
PNW,1d,2025-12-03T00:00:00,88.5,89.36,88.12,88.62,1098400.0,normal,2025-12-11T07:49:45.784400Z,2025-12-03
PNW,1d,2025-12-02T00:00:00,89.66,89.66,88.48,88.54,1198000.0,normal,2025-12-11T07:49:45.784400Z,2025-12-02
PNW,1d,2025-12-01T00:00:00,90.2,90.49,89.15,89.32,968300.0,normal,2025-12-11T07:49:45.784400Z,2025-12-01
PNW,1d,2025-11-28T00:00:00,90.9,90.97,90.53,90.86,326946.0,normal,2025-12-11T07:49:45.784400Z,2025-11-28
PNW,1d,2025-11-26T00:00:00,89.74,90.72,89.74,90.59,707000.0,normal,2025-12-11T07:49:45.784400Z,2025-11-26
PNW,1d,2025-11-25T00:00:00,89.52,90.59,89.31,89.5,901200.0,normal,2025-12-11T07:49:45.784400Z,2025-11-25
PNW,1d,2025-11-24T00:00:00,89.0,89.63,88.24,89.44,1972649.0,normal,2025-12-11T07:49:45.784400Z,2025-11-24
PNW,1d,2025-11-21T00:00:00,89.63,90.51,89.0,89.15,1884700.0,normal,2025-12-11T07:49:45.784400Z,2025-11-21
PNW,1d,2025-11-20T00:00:00,88.59,89.83,88.59,89.34,1326519.0,normal,2025-12-11T07:49:45.784400Z,2025-11-20
PNW,1d,2025-11-19T00:00:00,89.63,89.63,88.32,88.72,1427900.0,normal,2025-12-11T07:49:45.784400Z,2025-11-19
PNW,1d,2025-11-18T00:00:00,89.53,90.2,89.01,89.38,1160800.0,normal,2025-12-11T07:49:45.784400Z,2025-11-18
PNW,1d,2025-11-17T00:00:00,88.77,89.33,88.0,89.16,1742727.0,normal,2025-12-11T07:49:45.784400Z,2025-11-17
PNW,1d,2025-11-14T00:00:00,89.14,89.14,87.75,88.39,1524907.0,normal,2025-12-11T07:49:45.784400Z,2025-11-14
PNW,1d,2025-11-13T00:00:00,88.83,89.14,88.09,88.82,2129218.0,normal,2025-12-11T07:49:45.784400Z,2025-11-13
PNW,1d,2025-11-12T00:00:00,88.73,89.1,88.44,88.98,1193836.0,normal,2025-12-11T07:49:45.784400Z,2025-11-12
PNW,1d,2025-11-11T00:00:00,88.19,88.83,87.57,88.77,1880800.0,normal,2025-12-11T07:49:45.784400Z,2025-11-11
PNW,1d,2025-11-10T00:00:00,87.61,87.98,87.05,87.71,1849816.0,normal,2025-12-11T07:49:45.784400Z,2025-11-10
PNW,1d,2025-11-07T00:00:00,87.6,88.22,86.73,87.97,1498617.0,normal,2025-12-11T07:49:45.784400Z,2025-11-07
PNW,1d,2025-11-06T00:00:00,88.53,88.92,87.6,87.64,968149.0,normal,2025-12-11T07:49:45.784400Z,2025-11-06
PNW,1d,2025-11-05T00:00:00,89.0,89.36,87.98,88.46,1510824.0,normal,2025-12-11T07:49:45.784400Z,2025-11-05
PNW,1d,2025-11-04T00:00:00,90.41,90.53,88.87,89.36,1994141.0,normal,2025-12-11T07:49:45.784400Z,2025-11-04
PNW,1d,2025-11-03T00:00:00,89.21,89.95,87.22,89.45,2387206.0,normal,2025-12-11T07:49:45.784400Z,2025-11-03
PNW,1d,2025-10-31T00:00:00,88.54,89.23,88.26,88.52,1969200.0,normal,2025-12-11T07:49:45.784400Z,2025-10-31
PNW,1d,2025-10-30T00:00:00,89.23,90.27,88.85,89.55,1265514.0,normal,2025-12-11T07:49:45.784400Z,2025-10-30
PNW,1d,2025-10-29T00:00:00,90.35,90.85,88.92,89.12,1931840.0,normal,2025-12-11T07:49:45.784400Z,2025-10-29
PNW,1d,2025-10-28T00:00:00,91.4,91.41,90.37,90.68,1114085.0,normal,2025-12-11T07:49:45.784400Z,2025-10-28
PNW,1d,2025-10-27T00:00:00,91.82,92.18,90.89,91.8,833900.0,normal,2025-12-11T07:49:45.784400Z,2025-10-27
PNW,1d,2025-10-24T00:00:00,92.8,92.8,91.96,92.12,784218.0,normal,2025-12-11T07:49:45.784400Z,2025-10-24
PNW,1d,2025-10-23T00:00:00,93.1,93.39,92.03,92.56,1508800.0,normal,2025-12-11T07:49:45.784400Z,2025-10-23
PNW,1d,2025-10-22T00:00:00,92.27,93.08,91.95,92.62,1124435.0,normal,2025-12-11T07:49:45.784400Z,2025-10-22
PNW,1d,2025-10-21T00:00:00,93.13,93.13,91.95,92.23,1313043.0,normal,2025-12-11T07:49:45.784400Z,2025-10-21
PNW,1d,2025-10-20T00:00:00,93.95,93.95,91.54,92.73,1397735.0,normal,2025-12-11T07:49:45.784400Z,2025-10-20
PNW,1d,2025-10-17T00:00:00,93.2,93.6,92.49,93.15,747400.0,normal,2025-12-11T07:49:45.784400Z,2025-10-17
PNW,1d,2025-10-16T00:00:00,93.89,94.45,92.85,93.0,1128600.0,normal,2025-12-11T07:49:45.784400Z,2025-10-16
PNW,1d,2025-10-15T00:00:00,93.22,94.1,93.21,93.71,1184020.0,normal,2025-12-11T07:49:45.784400Z,2025-10-15
PNW,1d,2025-10-14T00:00:00,92.44,93.73,92.14,93.45,906400.0,normal,2025-12-11T07:49:45.784400Z,2025-10-14
PNW,1d,2025-10-13T00:00:00,92.0,92.71,91.4,92.13,639457.0,normal,2025-12-11T07:49:45.784400Z,2025-10-13
PNW,1d,2025-10-10T00:00:00,91.94,92.56,91.39,92.41,616131.0,normal,2025-12-11T07:49:45.784400Z,2025-10-10
PNW,1d,2025-10-09T00:00:00,92.3,92.44,91.5,91.59,698244.0,normal,2025-12-11T07:49:45.784400Z,2025-10-09
PNW,1d,2025-10-08T00:00:00,92.22,92.5,91.45,91.95,1373743.0,normal,2025-12-11T07:49:45.784400Z,2025-10-08
PNW,1d,2025-10-07T00:00:00,91.2,92.16,91.01,91.98,1237900.0,normal,2025-12-11T07:49:45.784400Z,2025-10-07
PNW,1d,2025-10-06T00:00:00,90.24,91.21,89.85,90.82,1340031.0,normal,2025-12-11T07:49:45.784400Z,2025-10-06
PNW,1d,2025-10-03T00:00:00,88.53,90.55,88.16,90.18,1052224.0,normal,2025-12-11T07:49:45.784400Z,2025-10-03
PNW,1d,2025-10-02T00:00:00,87.97,88.38,87.24,87.89,1120431.0,normal,2025-12-11T07:49:45.784400Z,2025-10-02
PNW,1d,2025-10-01T00:00:00,89.85,90.06,88.01,88.18,958439.0,normal,2025-12-11T07:49:45.784400Z,2025-10-01
PNW,1d,2025-09-30T00:00:00,87.82,89.73,87.54,89.66,1590011.0,normal,2025-12-11T07:49:45.784400Z,2025-09-30
PNW,1d,2025-09-29T00:00:00,86.97,87.85,86.31,87.65,1257300.0,normal,2025-12-11T07:49:45.784400Z,2025-09-29
PNW,1d,2025-09-26T00:00:00,86.56,86.86,85.91,86.76,1657001.0,normal,2025-12-11T07:49:45.784400Z,2025-09-26
PNW,1d,2025-09-25T00:00:00,87.36,87.57,85.92,86.08,1054503.0,normal,2025-12-11T07:49:45.784400Z,2025-09-25
PNW,1d,2025-09-24T00:00:00,86.9,87.69,86.9,87.14,875300.0,normal,2025-12-11T07:49:45.784400Z,2025-09-24
PNW,1d,2025-09-23T00:00:00,86.1,87.1,86.07,87.09,731912.0,normal,2025-12-11T07:49:45.784400Z,2025-09-23
PNW,1d,2025-09-22T00:00:00,86.52,86.63,86.05,86.26,640223.0,normal,2025-12-11T07:49:45.784400Z,2025-09-22
PNW,1d,2025-09-19T00:00:00,86.16,87.07,85.7,86.52,1529204.0,normal,2025-12-11T07:49:45.784400Z,2025-09-19
PNW,1d,2025-09-18T00:00:00,85.75,86.42,85.32,85.87,995514.0,normal,2025-12-11T07:49:45.784400Z,2025-09-18
PNW,1d,2025-09-17T00:00:00,86.32,86.85,85.86,86.11,874223.0,normal,2025-12-11T07:49:45.784400Z,2025-09-17
PNW,1d,2025-09-16T00:00:00,87.17,87.24,85.79,85.9,918662.0,normal,2025-12-11T07:49:45.784400Z,2025-09-16
PNW,1d,2025-09-15T00:00:00,88.2,88.35,87.39,87.42,849114.0,normal,2025-12-11T07:49:45.784400Z,2025-09-15
PNW,1d,2025-09-12T00:00:00,88.09,88.51,88.07,88.19,759000.0,normal,2025-12-11T07:49:45.784400Z,2025-09-12
PNW,1d,2025-09-11T00:00:00,87.76,88.52,87.0,88.37,955515.0,normal,2025-12-11T07:49:45.784400Z,2025-09-11
PNW,1d,2025-09-10T00:00:00,87.38,87.93,87.17,87.62,828600.0,normal,2025-12-11T07:49:45.784400Z,2025-09-10
PNW,1d,2025-09-09T00:00:00,86.84,87.89,86.84,87.38,1835526.0,normal,2025-12-11T07:49:45.784400Z,2025-09-09
PNW,1d,2025-09-08T00:00:00,88.84,88.84,87.45,87.84,862857.0,normal,2025-12-11T07:49:45.784400Z,2025-09-08
PNW,1d,2025-09-05T00:00:00,89.53,89.82,88.7,89.0,567500.0,normal,2025-12-11T07:49:45.784400Z,2025-09-05
PNW,1d,2025-09-04T00:00:00,89.36,89.49,88.71,89.28,805543.0,normal,2025-12-11T07:49:45.784400Z,2025-09-04
PNW,1d,2025-09-03T00:00:00,88.61,89.3,88.29,88.73,720900.0,normal,2025-12-11T07:49:45.784400Z,2025-09-03
PNW,1d,2025-09-02T00:00:00,89.11,89.27,88.47,88.8,871500.0,normal,2025-12-11T07:49:45.784400Z,2025-09-02
PNW,1d,2025-08-29T00:00:00,89.51,90.37,89.13,89.36,784300.0,normal,2025-12-11T07:49:45.784400Z,2025-08-29
PNW,1d,2025-08-28T00:00:00,90.32,90.32,88.97,89.32,1110208.0,normal,2025-12-11T07:49:45.784400Z,2025-08-28
PNW,1d,2025-08-27T00:00:00,89.97,90.56,89.92,90.43,1096600.0,normal,2025-12-11T07:49:45.784400Z,2025-08-27
PNW,1d,2025-08-26T00:00:00,90.0,90.61,89.72,89.96,816300.0,normal,2025-12-11T07:49:45.784400Z,2025-08-26
PNW,1d,2025-08-25T00:00:00,91.0,91.15,89.92,89.98,783500.0,normal,2025-12-11T07:49:45.784400Z,2025-08-25
PNW,1d,2025-08-22T00:00:00,91.66,91.95,90.92,91.35,960000.0,normal,2025-12-11T07:49:45.784400Z,2025-08-22
PNW,1d,2025-08-21T00:00:00,92.31,92.5,91.11,91.16,865840.0,normal,2025-12-11T07:49:45.784400Z,2025-08-21
PNW,1d,2025-08-20T00:00:00,92.49,93.14,91.98,92.31,1067800.0,normal,2025-12-11T07:49:45.784400Z,2025-08-20
PNW,1d,2025-08-19T00:00:00,90.57,92.09,90.37,92.07,470300.0,normal,2025-12-11T07:49:45.784400Z,2025-08-19
PNW,1d,2025-08-18T00:00:00,91.42,91.42,90.29,90.33,958700.0,normal,2025-12-11T07:49:45.784400Z,2025-08-18
PNW,1d,2025-08-15T00:00:00,92.01,92.31,91.03,91.34,1463127.0,normal,2025-12-11T07:49:45.784400Z,2025-08-15
PNW,1d,2025-08-14T00:00:00,92.91,92.92,91.72,91.91,1430500.0,normal,2025-12-11T07:49:45.784400Z,2025-08-14
PNW,1d,2025-08-13T00:00:00,92.61,93.07,91.18,93.06,1494146.0,normal,2025-12-11T07:49:45.784400Z,2025-08-13
PNW,1d,2025-08-12T00:00:00,92.57,92.76,91.34,92.45,733315.0,normal,2025-12-11T07:49:45.784400Z,2025-08-12
PNW,1d,2025-08-11T00:00:00,92.81,93.14,91.97,92.48,698400.0,normal,2025-12-11T07:49:45.784400Z,2025-08-11
PNW,1d,2025-08-08T00:00:00,94.37,94.4,92.32,92.62,1014100.0,normal,2025-12-11T07:49:45.784400Z,2025-08-08
PNW,1d,2025-08-07T00:00:00,93.0,94.44,92.95,93.78,1233200.0,normal,2025-12-11T07:49:45.784400Z,2025-08-07
PNW,1d,2025-08-06T00:00:00,92.59,94.0,91.13,92.56,1750300.0,normal,2025-12-11T07:49:45.784400Z,2025-08-06
PNW,1d,2025-08-05T00:00:00,92.23,92.74,91.94,92.34,1499000.0,normal,2025-12-11T07:49:45.784400Z,2025-08-05
PNW,1d,2025-08-04T00:00:00,90.81,92.34,90.43,92.24,1103200.0,normal,2025-12-11T07:49:45.784400Z,2025-08-04
PNW,1d,2025-08-01T00:00:00,90.3,91.08,89.8,90.68,1188539.0,normal,2025-12-11T07:49:45.784400Z,2025-08-01
PNW,1d,2025-07-31T00:00:00,88.74,90.72,88.74,90.62,1405551.0,normal,2025-12-11T07:49:45.784400Z,2025-07-31
PNW,1d,2025-07-30T00:00:00,90.09,90.58,89.02,89.5,807300.0,normal,2025-12-11T07:49:45.784400Z,2025-07-30
PNW,1d,2025-07-29T00:00:00,88.65,89.92,88.22,89.87,1352500.0,normal,2025-12-11T07:49:45.784400Z,2025-07-29
PNW,1d,2025-07-28T00:00:00,90.87,91.13,88.69,88.69,1498250.0,normal,2025-12-11T07:49:45.784400Z,2025-07-28
PNW,1d,2025-07-25T00:00:00,91.7,92.11,90.08,90.91,1760794.0,normal,2025-12-11T07:49:45.784400Z,2025-07-25
PNW,1d,2025-07-24T00:00:00,93.03,93.23,91.82,91.86,1406198.0,normal,2025-12-11T07:49:45.784400Z,2025-07-24
PNW,1d,2025-07-23T00:00:00,94.7,94.7,92.76,93.1,1762890.0,normal,2025-12-11T07:49:45.784400Z,2025-07-23
PNW,1d,2025-07-22T00:00:00,93.51,94.6,93.3,94.45,1097900.0,normal,2025-12-11T07:49:45.784400Z,2025-07-22
PNW,1d,2025-07-21T00:00:00,92.51,93.55,92.44,93.15,918800.0,normal,2025-12-11T07:49:45.784400Z,2025-07-21
PNW,1d,2025-07-18T00:00:00,91.89,92.78,91.89,92.51,1015958.0,normal,2025-12-11T07:49:45.784400Z,2025-07-18
PNW,1d,2025-07-17T00:00:00,90.78,91.96,90.73,91.55,799400.0,normal,2025-12-11T07:49:45.784400Z,2025-07-17
PNW,1d,2025-07-16T00:00:00,89.91,91.15,89.91,90.91,757631.0,normal,2025-12-11T07:49:45.784400Z,2025-07-16
PNW,1d,2025-07-15T00:00:00,91.04,91.21,89.72,90.01,1251800.0,normal,2025-12-11T07:49:45.784400Z,2025-07-15
PNW,1d,2025-07-14T00:00:00,91.02,91.99,90.53,91.28,793700.0,normal,2025-12-11T07:49:45.784400Z,2025-07-14
PNW,1d,2025-07-11T00:00:00,91.09,91.52,90.3,91.04,731717.0,normal,2025-12-11T07:49:45.784400Z,2025-07-11
PNW,1d,2025-07-10T00:00:00,89.78,91.66,89.27,91.34,1085819.0,normal,2025-12-11T07:49:45.784400Z,2025-07-10
PNW,1d,2025-07-09T00:00:00,89.87,90.18,89.15,89.96,623039.0,normal,2025-12-11T07:49:45.784400Z,2025-07-09
PNW,1d,2025-07-08T00:00:00,89.44,90.22,88.9,89.62,883200.0,normal,2025-12-11T07:49:45.784400Z,2025-07-08
PNW,1d,2025-07-07T00:00:00,90.31,90.76,89.52,90.1,1060019.0,normal,2025-12-11T07:49:45.784400Z,2025-07-07
PNW,1d,2025-07-03T00:00:00,89.99,90.49,89.68,90.42,757636.0,normal,2025-12-11T07:49:45.784400Z,2025-07-03
PNW,1d,2025-07-02T00:00:00,90.52,91.06,89.74,90.17,1226800.0,normal,2025-12-11T07:49:45.784400Z,2025-07-02
PNW,1d,2025-07-01T00:00:00,89.69,90.98,89.0,90.84,1738919.0,normal,2025-12-11T07:49:45.784400Z,2025-07-01
PNW,1d,2025-06-30T00:00:00,88.56,89.52,88.29,89.47,1766100.0,normal,2025-12-11T07:49:45.784400Z,2025-06-30
PNW,1d,2025-06-27T00:00:00,88.96,89.43,88.26,88.55,1879100.0,normal,2025-12-11T07:49:45.784400Z,2025-06-27
PNW,1d,2025-06-26T00:00:00,88.91,89.43,88.37,88.97,1096400.0,normal,2025-12-11T07:49:45.784400Z,2025-06-26
PNW,1d,2025-06-25T00:00:00,89.72,89.83,88.56,88.74,1289606.0,normal,2025-12-11T07:49:45.784400Z,2025-06-25
PNW,1d,2025-06-24T00:00:00,89.56,90.48,89.56,90.17,950642.0,normal,2025-12-11T07:49:45.784400Z,2025-06-24
PNW,1d,2025-06-23T00:00:00,88.95,89.87,88.76,89.65,1082428.0,normal,2025-12-11T07:49:45.784400Z,2025-06-23
PNW,1d,2025-06-20T00:00:00,88.88,89.5,88.26,88.57,3211207.0,normal,2025-12-11T07:49:45.784400Z,2025-06-20
PNW,1d,2025-06-18T00:00:00,88.94,88.94,88.08,88.51,1497599.0,normal,2025-12-11T07:49:45.784400Z,2025-06-18
PNW,1d,2025-06-17T00:00:00,88.89,89.08,87.58,88.84,1068225.0,normal,2025-12-11T07:49:45.784400Z,2025-06-17
PNW,1d,2025-06-16T00:00:00,90.34,90.67,88.61,88.92,1353400.0,normal,2025-12-11T07:49:45.784400Z,2025-06-16
PNW,1d,2025-06-13T00:00:00,90.9,91.0,89.75,89.97,1024135.0,normal,2025-12-11T07:49:45.784400Z,2025-06-13
PNW,1d,2025-06-12T00:00:00,89.39,90.8,89.18,90.7,1237700.0,normal,2025-12-11T07:49:45.784400Z,2025-06-12
PNW,1d,2025-06-11T00:00:00,89.69,89.97,89.01,89.21,1197700.0,normal,2025-12-11T07:49:45.784400Z,2025-06-11
PNW,1d,2025-06-10T00:00:00,89.51,89.95,89.15,89.66,1145600.0,normal,2025-12-11T07:49:45.784400Z,2025-06-10
PNW,1d,2025-06-09T00:00:00,89.0,90.11,88.52,89.41,1647400.0,normal,2025-12-11T07:49:45.784400Z,2025-06-09
PNW,1d,2025-06-06T00:00:00,89.57,90.07,88.76,89.09,781701.0,normal,2025-12-11T07:49:45.784400Z,2025-06-06
PNW,1d,2025-06-05T00:00:00,89.69,89.86,89.18,89.39,652423.0,normal,2025-12-11T07:49:45.784400Z,2025-06-05
PNW,1d,2025-06-04T00:00:00,90.25,90.6,89.29,89.54,1089228.0,normal,2025-12-11T07:49:45.784400Z,2025-06-04
PNW,1d,2025-06-03T00:00:00,90.87,91.0,89.42,90.4,1056703.0,normal,2025-12-11T07:49:45.784400Z,2025-06-03
PNW,1d,2025-06-02T00:00:00,90.51,91.03,90.0,90.84,1187343.0,normal,2025-12-11T07:49:45.784400Z,2025-06-02
PNW,1d,2025-05-30T00:00:00,90.67,91.55,90.44,91.23,1045829.0,normal,2025-12-11T07:49:45.784400Z,2025-05-30
PNW,1d,2025-05-29T00:00:00,89.9,91.02,89.81,90.84,620200.0,normal,2025-12-11T07:49:45.784400Z,2025-05-29
PNW,1d,2025-05-28T00:00:00,91.05,91.58,89.71,90.11,784901.0,normal,2025-12-11T07:49:45.784400Z,2025-05-28
PNW,1d,2025-05-27T00:00:00,91.5,91.81,90.79,91.56,885000.0,normal,2025-12-11T07:49:45.784400Z,2025-05-27
PNW,1d,2025-05-23T00:00:00,90.58,90.82,89.38,90.75,545931.0,normal,2025-12-11T07:49:45.784400Z,2025-05-23
PNW,1d,2025-05-22T00:00:00,90.67,90.76,89.19,89.89,976600.0,normal,2025-12-11T07:49:45.784400Z,2025-05-22
PNW,1d,2025-05-21T00:00:00,92.45,92.45,90.73,91.1,930800.0,normal,2025-12-11T07:49:45.784400Z,2025-05-21
PNW,1d,2025-05-20T00:00:00,92.38,92.95,92.33,92.56,733500.0,normal,2025-12-11T07:49:45.784400Z,2025-05-20
PNW,1d,2025-05-19T00:00:00,91.62,92.59,91.53,92.48,1467339.0,normal,2025-12-11T07:49:45.784400Z,2025-05-19
PNW,1d,2025-05-16T00:00:00,90.39,91.8,90.39,91.74,1059200.0,normal,2025-12-11T07:49:45.784400Z,2025-05-16
PNW,1d,2025-05-15T00:00:00,88.84,90.6,88.67,90.52,1315200.0,normal,2025-12-11T07:49:45.784400Z,2025-05-15
PNW,1d,2025-05-14T00:00:00,88.8,89.04,87.22,88.3,1396109.0,normal,2025-12-11T07:49:45.784400Z,2025-05-14
PNW,1d,2025-05-13T00:00:00,89.99,90.2,88.9,89.08,1317739.0,normal,2025-12-11T07:49:45.784400Z,2025-05-13
PNW,1d,2025-05-12T00:00:00,91.19,91.32,89.76,90.07,992421.0,normal,2025-12-11T07:49:45.784400Z,2025-05-12
PNW,1d,2025-05-09T00:00:00,92.15,92.43,90.95,91.61,927147.0,normal,2025-12-11T07:49:45.784400Z,2025-05-09
PNW,1d,2025-05-08T00:00:00,93.67,93.96,91.91,92.01,1055726.0,normal,2025-12-11T07:49:45.784400Z,2025-05-08
PNW,1d,2025-05-07T00:00:00,93.18,94.49,92.99,93.81,1401200.0,normal,2025-12-11T07:49:45.784400Z,2025-05-07
PNW,1d,2025-05-06T00:00:00,93.67,94.29,93.27,93.47,2429700.0,normal,2025-12-11T07:49:45.784400Z,2025-05-06
PNW,1d,2025-05-05T00:00:00,93.78,94.0,92.6,93.91,1108200.0,normal,2025-12-11T07:49:45.784400Z,2025-05-05
PNW,1d,2025-05-02T00:00:00,94.0,95.03,93.72,94.32,912213.0,normal,2025-12-11T07:49:45.784400Z,2025-05-02
PNW,1d,2025-05-01T00:00:00,93.0,95.83,92.0,93.41,1726400.0,normal,2025-12-11T07:49:45.784400Z,2025-05-01
PNW,1d,2025-04-30T00:00:00,95.56,95.56,93.74,95.18,1080111.0,normal,2025-12-11T07:49:45.784400Z,2025-04-30
PNW,1d,2025-04-29T00:00:00,94.19,95.58,94.18,95.29,856800.0,normal,2025-12-11T07:49:45.784400Z,2025-04-29
PNW,1d,2025-04-28T00:00:00,94.02,94.7,93.13,94.59,756545.0,normal,2025-12-11T07:49:45.784400Z,2025-04-28
PNW,1d,2025-04-25T00:00:00,94.13,94.45,93.36,93.75,956400.0,normal,2025-12-11T07:49:45.784400Z,2025-04-25
PNW,1d,2025-04-24T00:00:00,94.05,95.65,93.74,94.48,1587619.0,normal,2025-12-11T07:49:45.784400Z,2025-04-24
PNW,1d,2025-04-23T00:00:00,94.36,95.15,93.48,94.36,1859815.0,normal,2025-12-11T07:49:45.784400Z,2025-04-23
PNW,1d,2025-04-22T00:00:00,94.03,95.78,93.86,95.01,2151819.0,normal,2025-12-11T07:49:45.784400Z,2025-04-22
PNW,1d,2025-04-21T00:00:00,94.19,94.19,92.26,93.24,1297336.0,normal,2025-12-11T07:49:45.784400Z,2025-04-21
PNW,1d,2025-04-17T00:00:00,93.68,96.13,93.66,94.45,2215900.0,normal,2025-12-11T07:49:45.784400Z,2025-04-17
PNW,1d,2025-04-16T00:00:00,94.96,94.98,93.09,93.41,1682900.0,normal,2025-12-11T07:49:45.784400Z,2025-04-16
PNW,1d,2025-04-15T00:00:00,94.04,95.0,93.6,94.27,1191600.0,normal,2025-12-11T07:49:45.784400Z,2025-04-15
PNW,1d,2025-04-14T00:00:00,92.28,94.0,92.15,93.71,1064413.0,normal,2025-12-11T07:49:45.784400Z,2025-04-14
PNW,1d,2025-04-11T00:00:00,90.5,92.53,89.13,91.91,1123900.0,normal,2025-12-11T07:49:45.784400Z,2025-04-11
PNW,1d,2025-04-10T00:00:00,90.29,91.32,88.25,90.28,1061139.0,normal,2025-12-11T07:49:45.784400Z,2025-04-10
PNW,1d,2025-04-09T00:00:00,87.89,91.46,86.55,90.62,1784398.0,normal,2025-12-11T07:49:45.784400Z,2025-04-09
PNW,1d,2025-04-08T00:00:00,91.05,91.75,87.96,88.82,1879501.0,normal,2025-12-11T07:49:45.784400Z,2025-04-08
PNW,1d,2025-04-07T00:00:00,89.93,91.58,87.44,89.62,2557000.0,normal,2025-12-11T07:49:45.784400Z,2025-04-07
PNW,1d,2025-04-04T00:00:00,95.3,95.88,90.49,91.09,1787400.0,normal,2025-12-11T07:49:45.784400Z,2025-04-04
PNW,1d,2025-04-03T00:00:00,95.72,96.5,95.04,95.21,1073601.0,normal,2025-12-11T07:49:45.784400Z,2025-04-03
PNW,1d,2025-04-02T00:00:00,95.5,95.84,94.51,95.43,668900.0,normal,2025-12-11T07:49:45.784400Z,2025-04-02
PNW,1d,2025-04-01T00:00:00,95.2,95.34,94.23,95.28,865711.0,normal,2025-12-11T07:49:45.784400Z,2025-04-01
PNW,1d,2025-03-31T00:00:00,94.71,95.83,94.5,95.25,899900.0,normal,2025-12-11T07:49:45.784400Z,2025-03-31
PNW,1d,2025-03-28T00:00:00,93.45,95.04,93.32,94.17,1537013.0,normal,2025-12-11T07:49:45.784400Z,2025-03-28
PNW,1d,2025-03-27T00:00:00,93.2,93.96,92.9,93.02,1044800.0,normal,2025-12-11T07:49:45.784400Z,2025-03-27
PNW,1d,2025-03-26T00:00:00,91.56,93.18,91.56,92.99,967800.0,normal,2025-12-11T07:49:45.784400Z,2025-03-26
PNW,1d,2025-03-25T00:00:00,92.95,92.97,90.98,91.51,1153706.0,normal,2025-12-11T07:49:45.784400Z,2025-03-25
PNW,1d,2025-03-24T00:00:00,93.76,94.23,92.91,93.09,1169345.0,normal,2025-12-11T07:49:45.784400Z,2025-03-24
PNW,1d,2025-03-21T00:00:00,93.84,94.71,93.25,93.76,2078638.0,normal,2025-12-11T07:49:45.784400Z,2025-03-21
PNW,1d,2025-03-20T00:00:00,94.25,94.52,93.8,94.2,1001334.0,normal,2025-12-11T07:49:45.784400Z,2025-03-20
PNW,1d,2025-03-19T00:00:00,93.31,94.51,93.1,94.2,1441800.0,normal,2025-12-11T07:49:45.784400Z,2025-03-19
PNW,1d,2025-03-18T00:00:00,93.67,94.28,92.95,93.38,1131743.0,normal,2025-12-11T07:49:45.784400Z,2025-03-18
PNW,1d,2025-03-17T00:00:00,93.91,94.86,93.69,94.26,938646.0,normal,2025-12-11T07:49:45.784400Z,2025-03-17
PNW,1d,2025-03-14T00:00:00,91.76,93.86,91.6,93.71,1134807.0,normal,2025-12-11T07:49:45.784400Z,2025-03-14
PNW,1d,2025-03-13T00:00:00,91.4,92.37,91.16,91.82,917746.0,normal,2025-12-11T07:49:45.784400Z,2025-03-13
PNW,1d,2025-03-12T00:00:00,90.55,91.76,90.12,91.23,966400.0,normal,2025-12-11T07:49:45.784400Z,2025-03-12
PNW,1d,2025-03-11T00:00:00,91.8,92.29,90.67,90.97,1350900.0,normal,2025-12-11T07:49:45.784400Z,2025-03-11
PNW,1d,2025-03-10T00:00:00,92.12,93.62,91.03,92.12,1321458.0,normal,2025-12-11T07:49:45.784400Z,2025-03-10
PNW,1d,2025-03-07T00:00:00,90.82,92.67,90.55,91.99,1131234.0,normal,2025-12-11T07:49:45.784400Z,2025-03-07
PNW,1d,2025-03-06T00:00:00,90.73,91.02,89.48,90.76,902500.0,normal,2025-12-11T07:49:45.784400Z,2025-03-06
PNW,1d,2025-03-05T00:00:00,90.96,92.09,90.63,91.04,1073404.0,normal,2025-12-11T07:49:45.784400Z,2025-03-05
PNW,1d,2025-03-04T00:00:00,94.48,94.57,91.77,91.8,1288900.0,normal,2025-12-11T07:49:45.784400Z,2025-03-04
PNW,1d,2025-03-03T00:00:00,92.26,94.27,92.19,94.18,1290818.0,normal,2025-12-11T07:49:45.784400Z,2025-03-03
PNW,1d,2025-02-28T00:00:00,91.7,92.56,91.14,92.54,938200.0,normal,2025-12-11T07:49:45.784400Z,2025-02-28
PNW,1d,2025-02-27T00:00:00,91.24,92.27,90.68,90.86,1120000.0,normal,2025-12-11T07:49:45.784400Z,2025-02-27
PNW,1d,2025-02-26T00:00:00,92.44,93.22,91.49,91.64,1279546.0,normal,2025-12-11T07:49:45.784400Z,2025-02-26
PNW,1d,2025-02-25T00:00:00,93.25,93.54,91.94,93.16,1444951.0,normal,2025-12-11T07:49:45.784400Z,2025-02-25
PNW,1d,2025-02-24T00:00:00,91.77,92.56,91.08,92.11,1194443.0,normal,2025-12-11T07:49:45.784400Z,2025-02-24
PNW,1d,2025-02-21T00:00:00,90.55,91.79,90.55,91.58,1148700.0,normal,2025-12-11T07:49:45.784400Z,2025-02-21
PNW,1d,2025-02-20T00:00:00,90.07,91.08,89.47,90.77,733425.0,normal,2025-12-11T07:49:45.784400Z,2025-02-20
PNW,1d,2025-02-19T00:00:00,89.85,90.96,89.74,90.4,675300.0,normal,2025-12-11T07:49:45.784400Z,2025-02-19
PNW,1d,2025-02-18T00:00:00,89.0,90.03,89.0,89.89,933824.0,normal,2025-12-11T07:49:45.784400Z,2025-02-18
PNW,1d,2025-02-14T00:00:00,89.56,90.19,89.17,89.26,1003110.0,normal,2025-12-11T07:49:45.784400Z,2025-02-14
PNW,1d,2025-02-13T00:00:00,89.07,89.67,88.8,89.35,670755.0,normal,2025-12-11T07:49:45.784400Z,2025-02-13
PNW,1d,2025-02-12T00:00:00,87.79,89.22,87.63,89.01,1187300.0,normal,2025-12-11T07:49:45.784400Z,2025-02-12
PNW,1d,2025-02-11T00:00:00,87.69,89.22,87.16,89.16,1032726.0,normal,2025-12-11T07:49:45.784400Z,2025-02-11
PNW,1d,2025-02-10T00:00:00,87.13,88.01,86.67,87.83,698900.0,normal,2025-12-11T07:49:45.784400Z,2025-02-10
PNW,1d,2025-02-07T00:00:00,87.74,88.22,86.84,86.97,1026407.0,normal,2025-12-11T07:49:45.784400Z,2025-02-07
PNW,1d,2025-02-06T00:00:00,88.48,88.63,87.64,87.75,557808.0,normal,2025-12-11T07:49:45.784400Z,2025-02-06
PNW,1d,2025-02-05T00:00:00,87.82,88.64,87.36,88.29,929732.0,normal,2025-12-11T07:49:45.784400Z,2025-02-05
PNW,1d,2025-02-04T00:00:00,86.36,87.62,85.41,87.12,1051441.0,normal,2025-12-11T07:49:45.784400Z,2025-02-04
PNW,1d,2025-02-03T00:00:00,85.5,87.06,85.03,86.82,777540.0,normal,2025-12-11T07:49:45.784400Z,2025-02-03
PNW,1d,2025-01-31T00:00:00,86.81,87.27,86.41,86.96,1137042.0,normal,2025-12-11T07:49:45.784400Z,2025-01-31
PNW,1d,2025-01-30T00:00:00,86.75,87.31,86.58,87.13,593139.0,normal,2025-12-11T07:49:45.784400Z,2025-01-30
PNW,1d,2025-01-29T00:00:00,86.39,87.0,85.83,85.9,576000.0,normal,2025-12-11T07:49:45.784400Z,2025-01-29
PNW,1d,2025-01-28T00:00:00,87.19,87.95,86.03,86.49,914100.0,normal,2025-12-11T07:49:45.784400Z,2025-01-28
PNW,1d,2025-01-27T00:00:00,86.43,87.53,84.28,87.48,1528539.0,normal,2025-12-11T07:49:45.784400Z,2025-01-27
PNW,1d,2025-01-24T00:00:00,84.91,86.1,84.76,85.74,1751708.0,normal,2025-12-11T07:49:45.784400Z,2025-01-24
PNW,1d,2025-01-23T00:00:00,86.11,86.16,85.23,85.37,1229875.0,normal,2025-12-11T07:49:45.784400Z,2025-01-23
PNW,1d,2025-01-22T00:00:00,87.48,87.71,85.85,85.96,1164426.0,normal,2025-12-11T07:49:45.784400Z,2025-01-22
PNW,1d,2025-01-21T00:00:00,87.34,88.49,87.07,88.0,1059200.0,normal,2025-12-11T07:49:45.784400Z,2025-01-21
PNW,1d,2025-01-17T00:00:00,86.15,87.06,86.15,86.64,751200.0,normal,2025-12-11T07:49:45.784400Z,2025-01-17
PNW,1d,2025-01-16T00:00:00,84.25,86.63,84.23,86.44,1229604.0,normal,2025-12-11T07:49:45.784400Z,2025-01-16
PNW,1d,2025-01-15T00:00:00,84.52,84.83,83.79,84.41,1070000.0,normal,2025-12-11T07:49:45.784400Z,2025-01-15
PNW,1d,2025-01-14T00:00:00,82.66,83.7,82.54,83.24,1110903.0,normal,2025-12-11T07:49:45.784400Z,2025-01-14
PNW,1d,2025-01-13T00:00:00,82.14,82.95,81.47,82.54,1047440.0,normal,2025-12-11T07:49:45.784400Z,2025-01-13
PNW,1d,2025-01-10T00:00:00,83.02,83.28,81.67,81.76,1256800.0,normal,2025-12-11T07:49:45.784400Z,2025-01-10
PNW,1d,2025-01-08T00:00:00,82.84,83.87,82.09,83.61,978300.0,normal,2025-12-11T07:49:45.784400Z,2025-01-08
PNW,1d,2025-01-07T00:00:00,83.07,83.96,82.79,83.2,960426.0,normal,2025-12-11T07:49:45.784400Z,2025-01-07
PNW,1d,2025-01-06T00:00:00,83.8,83.99,82.9,83.09,1636600.0,normal,2025-12-11T07:49:45.784400Z,2025-01-06
PNW,1d,2025-01-03T00:00:00,84.41,85.15,84.09,84.25,770100.0,normal,2025-12-11T07:49:45.784400Z,2025-01-03
PNW,1d,2025-01-02T00:00:00,85.48,85.63,84.08,84.31,859000.0,normal,2025-12-11T07:49:45.784400Z,2025-01-02
PNW,1d,2024-12-31T00:00:00,84.84,85.36,84.31,84.77,599109.0,normal,2025-12-11T07:49:45.784400Z,2024-12-31
PNW,1d,2024-12-30T00:00:00,84.8,85.1,84.0,84.8,731267.0,normal,2025-12-11T07:49:45.784400Z,2024-12-30
PNW,1d,2024-12-27T00:00:00,84.77,85.8,84.75,84.95,642630.0,normal,2025-12-11T07:49:45.784400Z,2024-12-27
PNW,1d,2024-12-26T00:00:00,85.19,85.79,84.84,85.44,798100.0,normal,2025-12-11T07:49:45.784400Z,2024-12-26
PNW,1d,2024-12-24T00:00:00,85.24,85.85,84.92,85.61,359421.0,normal,2025-12-11T07:49:45.784400Z,2024-12-24
PNW,1d,2024-12-23T00:00:00,84.91,85.34,84.13,85.0,1087831.0,normal,2025-12-11T07:49:45.784400Z,2024-12-23
PNW,1d,2024-12-20T00:00:00,84.36,85.66,84.09,84.96,1900600.0,normal,2025-12-11T07:49:45.784400Z,2024-12-20
PNW,1d,2024-12-19T00:00:00,84.05,85.72,84.05,84.6,1300600.0,normal,2025-12-11T07:49:45.784400Z,2024-12-19
PNW,1d,2024-12-18T00:00:00,85.86,86.07,83.97,84.03,1330700.0,normal,2025-12-11T07:49:45.784400Z,2024-12-18
PNW,1d,2024-12-17T00:00:00,85.47,86.98,85.2,86.1,1232100.0,normal,2025-12-11T07:49:45.784400Z,2024-12-17
PNW,1d,2024-12-16T00:00:00,87.55,87.59,85.98,86.02,1336948.0,normal,2025-12-11T07:49:45.784400Z,2024-12-16
PNW,1d,2024-12-13T00:00:00,88.37,88.84,87.49,87.55,1008616.0,normal,2025-12-11T07:49:45.784400Z,2024-12-13
PNW,1d,2024-12-12T00:00:00,88.7,90.33,88.64,88.71,973813.0,normal,2025-12-11T07:49:45.784400Z,2024-12-12
PNW,1d,2024-12-11T00:00:00,90.6,90.6,88.67,88.89,962801.0,normal,2025-12-11T07:49:45.784400Z,2024-12-11
PNW,1d,2024-12-10T00:00:00,90.44,90.75,88.91,90.25,1105511.0,normal,2025-12-11T07:49:45.784400Z,2024-12-10
PNW,1d,2024-12-09T00:00:00,91.12,91.73,90.38,90.44,1049701.0,normal,2025-12-11T07:49:45.784400Z,2024-12-09
PNW,1d,2024-12-06T00:00:00,92.59,93.09,91.43,91.59,746700.0,normal,2025-12-11T07:49:45.784400Z,2024-12-06
PNW,1d,2024-12-05T00:00:00,92.15,93.23,91.45,92.45,891500.0,normal,2025-12-11T07:49:45.784400Z,2024-12-05
PNW,1d,2024-12-04T00:00:00,91.34,92.74,90.7,92.09,1271337.0,normal,2025-12-11T07:49:45.784400Z,2024-12-04
PNW,1d,2024-12-03T00:00:00,92.7,92.99,91.25,91.28,1020839.0,normal,2025-12-11T07:49:45.784400Z,2024-12-03
PNW,1d,2024-12-02T00:00:00,94.2,94.2,92.15,92.42,918831.0,normal,2025-12-11T07:49:45.784400Z,2024-12-02
PNW,1d,2024-11-29T00:00:00,94.88,95.18,93.7,93.7,507900.0,normal,2025-12-11T07:49:45.784400Z,2024-11-29
PNW,1d,2024-11-27T00:00:00,94.35,95.42,93.78,94.52,1181300.0,normal,2025-12-11T07:49:45.784400Z,2024-11-27
PNW,1d,2024-11-26T00:00:00,93.52,93.81,92.71,93.8,1039248.0,normal,2025-12-11T07:49:45.784400Z,2024-11-26
PNW,1d,2024-11-25T00:00:00,93.34,94.04,92.57,92.88,1189600.0,normal,2025-12-11T07:49:45.784400Z,2024-11-25
PNW,1d,2024-11-22T00:00:00,94.0,94.38,92.86,92.93,1297500.0,normal,2025-12-11T07:49:45.784400Z,2024-11-22
PNW,1d,2024-11-21T00:00:00,91.72,93.65,91.47,93.62,1074228.0,normal,2025-12-11T07:49:45.784400Z,2024-11-21
PNW,1d,2024-11-20T00:00:00,90.95,91.8,90.54,91.79,1269200.0,normal,2025-12-11T07:49:45.784400Z,2024-11-20
PNW,1d,2024-11-19T00:00:00,91.51,91.51,89.87,90.95,1372021.0,normal,2025-12-11T07:49:45.784400Z,2024-11-19
PNW,1d,2024-11-18T00:00:00,90.89,92.41,90.56,91.58,1707025.0,normal,2025-12-11T07:49:45.784400Z,2024-11-18
PNW,1d,2024-11-15T00:00:00,90.89,92.08,90.53,91.88,3587423.0,normal,2025-12-11T07:49:45.784400Z,2024-11-15
PNW,1d,2024-11-14T00:00:00,91.03,91.51,90.62,90.86,988600.0,normal,2025-12-11T07:49:45.784400Z,2024-11-14
PNW,1d,2024-11-13T00:00:00,91.25,91.6,90.53,91.22,1335614.0,normal,2025-12-11T07:49:45.784400Z,2024-11-13
PNW,1d,2024-11-12T00:00:00,92.0,92.21,90.77,90.92,2234487.0,normal,2025-12-11T07:49:45.784400Z,2024-11-12
PNW,1d,2024-11-11T00:00:00,91.02,93.12,91.02,91.91,1425000.0,normal,2025-12-11T07:49:45.784400Z,2024-11-11
PNW,1d,2024-11-08T00:00:00,89.52,92.13,89.4,91.81,1873905.0,normal,2025-12-11T07:49:45.784400Z,2024-11-08
PNW,1d,2024-11-07T00:00:00,89.83,90.29,87.76,89.22,2071319.0,normal,2025-12-11T07:49:45.784400Z,2024-11-07
PNW,1d,2024-11-06T00:00:00,87.87,92.59,87.64,90.1,3210800.0,normal,2025-12-11T07:49:45.784400Z,2024-11-06
PNW,1d,2024-11-05T00:00:00,85.43,86.97,85.02,86.71,1334330.0,normal,2025-12-11T07:49:45.784400Z,2024-11-05
PNW,1d,2024-11-04T00:00:00,84.67,85.79,84.54,85.71,1422326.0,normal,2025-12-11T07:49:45.784400Z,2024-11-04
PNW,1d,2024-11-01T00:00:00,87.9,88.07,85.48,85.83,1116900.0,normal,2025-12-11T07:49:45.784400Z,2024-11-01
PNW,1d,2024-10-31T00:00:00,87.62,88.5,87.52,87.81,1216600.0,normal,2025-12-11T07:49:45.784400Z,2024-10-31
PNW,1d,2024-10-30T00:00:00,87.83,87.94,86.82,87.53,1646224.0,normal,2025-12-11T07:49:45.784400Z,2024-10-30
PNW,1d,2024-10-29T00:00:00,87.69,87.69,86.8,87.44,948400.0,normal,2025-12-11T07:49:45.784400Z,2024-10-29
PNW,1d,2024-10-28T00:00:00,88.5,88.8,88.12,88.23,575100.0,normal,2025-12-11T07:49:45.784400Z,2024-10-28
PNW,1d,2024-10-25T00:00:00,90.0,90.0,88.03,88.2,767300.0,normal,2025-12-11T07:49:45.784400Z,2024-10-25
PNW,1d,2024-10-24T00:00:00,89.35,89.77,89.01,89.61,1260840.0,normal,2025-12-11T07:49:45.784400Z,2024-10-24
PNW,1d,2024-10-23T00:00:00,88.09,89.35,87.82,89.31,1651368.0,normal,2025-12-11T07:49:45.784400Z,2024-10-23
PNW,1d,2024-10-22T00:00:00,87.0,88.25,86.79,88.12,1544500.0,normal,2025-12-11T07:49:45.784400Z,2024-10-22
PNW,1d,2024-10-21T00:00:00,88.08,88.08,86.93,87.46,1060148.0,normal,2025-12-11T07:49:45.784400Z,2024-10-21
PNW,1d,2024-10-18T00:00:00,87.1,88.14,86.4,87.92,2483200.0,normal,2025-12-11T07:49:45.784400Z,2024-10-18
PNW,1d,2024-10-17T00:00:00,87.65,87.66,86.96,87.09,1487236.0,normal,2025-12-11T07:49:45.784400Z,2024-10-17
PNW,1d,2024-10-16T00:00:00,87.51,87.88,87.1,87.58,1947742.0,normal,2025-12-11T07:49:45.784400Z,2024-10-16
PNW,1d,2024-10-15T00:00:00,87.12,87.83,86.85,87.05,1247713.0,normal,2025-12-11T07:49:45.784400Z,2024-10-15
PNW,1d,2024-10-14T00:00:00,86.16,86.84,85.89,86.53,954408.0,normal,2025-12-11T07:49:45.784400Z,2024-10-14
PNW,1d,2024-10-11T00:00:00,85.7,86.2,85.6,85.9,840100.0,normal,2025-12-11T07:49:45.784400Z,2024-10-11
PNW,1d,2024-10-10T00:00:00,86.44,86.69,85.33,85.52,660300.0,normal,2025-12-11T07:49:45.784400Z,2024-10-10
PNW,1d,2024-10-09T00:00:00,86.62,86.88,85.67,86.19,673422.0,normal,2025-12-11T07:49:45.784400Z,2024-10-09
PNW,1d,2024-10-08T00:00:00,87.51,87.51,86.62,86.69,783000.0,normal,2025-12-11T07:49:45.784400Z,2024-10-08
PNW,1d,2024-10-07T00:00:00,87.74,87.74,86.66,87.11,755816.0,normal,2025-12-11T07:49:45.784400Z,2024-10-07
PNW,1d,2024-10-04T00:00:00,88.79,88.85,87.24,87.98,1359628.0,normal,2025-12-11T07:49:45.784400Z,2024-10-04
PNW,1d,2024-10-03T00:00:00,90.09,90.15,89.22,89.53,1051300.0,normal,2025-12-11T07:49:45.784400Z,2024-10-03
PNW,1d,2024-10-02T00:00:00,89.86,90.86,89.54,89.83,891900.0,normal,2025-12-11T07:49:45.784400Z,2024-10-02
PNW,1d,2024-10-01T00:00:00,88.89,90.91,88.64,90.51,1813028.0,normal,2025-12-11T07:49:45.784400Z,2024-10-01
PNW,1d,2024-09-30T00:00:00,88.48,89.77,88.21,88.59,1622849.0,normal,2025-12-11T07:49:45.784400Z,2024-09-30
PNW,1d,2024-09-27T00:00:00,88.85,89.17,88.2,88.27,1761412.0,normal,2025-12-11T07:49:45.784400Z,2024-09-27
PNW,1d,2024-09-26T00:00:00,88.63,89.29,88.16,88.45,1170723.0,normal,2025-12-11T07:49:45.784400Z,2024-09-26
PNW,1d,2024-09-25T00:00:00,89.95,89.95,88.7,88.95,1299921.0,normal,2025-12-11T07:49:45.784400Z,2024-09-25
PNW,1d,2024-09-24T00:00:00,89.51,90.71,89.19,89.24,807400.0,normal,2025-12-11T07:49:45.784400Z,2024-09-24
PNW,1d,2024-09-23T00:00:00,90.73,90.99,90.19,90.2,934700.0,normal,2025-12-11T07:49:45.784400Z,2024-09-23
PNW,1d,2024-09-20T00:00:00,89.94,90.28,89.25,90.28,3167044.0,normal,2025-12-11T07:49:45.784400Z,2024-09-20
PNW,1d,2024-09-19T00:00:00,89.51,90.1,88.27,89.02,1038120.0,normal,2025-12-11T07:49:45.784400Z,2024-09-19
PNW,1d,2024-09-18T00:00:00,89.93,90.62,89.49,90.22,994000.0,normal,2025-12-11T07:49:45.784400Z,2024-09-18
PNW,1d,2024-09-17T00:00:00,91.32,91.57,89.52,89.97,1176100.0,normal,2025-12-11T07:49:45.784400Z,2024-09-17
PNW,1d,2024-09-16T00:00:00,91.0,91.49,90.65,91.32,902000.0,normal,2025-12-11T07:49:45.784400Z,2024-09-16
PNW,1d,2024-09-13T00:00:00,89.45,90.74,88.76,90.7,606138.0,normal,2025-12-11T07:49:45.784400Z,2024-09-13
PNW,1d,2024-09-12T00:00:00,88.95,89.26,88.64,89.22,673733.0,normal,2025-12-11T07:49:45.784400Z,2024-09-12
PNW,1d,2024-09-11T00:00:00,89.33,89.59,88.29,88.97,756000.0,normal,2025-12-11T07:49:45.784400Z,2024-09-11
PNW,1d,2024-09-10T00:00:00,89.51,90.49,89.2,89.67,644448.0,normal,2025-12-11T07:49:45.784400Z,2024-09-10
PNW,1d,2024-09-09T00:00:00,87.83,89.69,87.83,89.48,1384046.0,normal,2025-12-11T07:49:45.784400Z,2024-09-09
PNW,1d,2024-09-06T00:00:00,88.4,88.77,87.67,87.81,804700.0,normal,2025-12-11T07:49:45.784400Z,2024-09-06
PNW,1d,2024-09-05T00:00:00,89.22,89.63,88.2,88.47,1118049.0,normal,2025-12-11T07:49:45.784400Z,2024-09-05
PNW,1d,2024-09-04T00:00:00,88.67,89.12,88.06,88.55,1046709.0,normal,2025-12-11T07:49:45.784400Z,2024-09-04
PNW,1d,2024-09-03T00:00:00,87.52,88.64,87.11,88.3,572500.0,normal,2025-12-11T07:49:45.784400Z,2024-09-03
PNW,1d,2024-08-30T00:00:00,87.31,87.87,86.72,87.52,736113.0,normal,2025-12-11T07:49:45.784400Z,2024-08-30
PNW,1d,2024-08-29T00:00:00,87.06,87.52,86.15,87.15,748500.0,normal,2025-12-11T07:49:45.784400Z,2024-08-29
PNW,1d,2024-08-28T00:00:00,86.7,87.71,86.31,87.02,645024.0,normal,2025-12-11T07:49:45.784400Z,2024-08-28
PNW,1d,2024-08-27T00:00:00,87.1,87.1,86.07,86.41,479785.0,normal,2025-12-11T07:49:45.784400Z,2024-08-27
PNW,1d,2024-08-26T00:00:00,87.2,87.86,86.83,87.09,790712.0,normal,2025-12-11T07:49:45.784400Z,2024-08-26
PNW,1d,2024-08-23T00:00:00,87.44,87.73,86.8,87.06,803605.0,normal,2025-12-11T07:49:45.784400Z,2024-08-23
PNW,1d,2024-08-22T00:00:00,87.11,87.25,86.58,87.11,478100.0,normal,2025-12-11T07:49:45.784400Z,2024-08-22
PNW,1d,2024-08-21T00:00:00,86.82,87.36,86.42,87.23,729700.0,normal,2025-12-11T07:49:45.784400Z,2024-08-21
PNW,1d,2024-08-20T00:00:00,87.08,87.99,86.5,86.68,586639.0,normal,2025-12-11T07:49:45.784400Z,2024-08-20
PNW,1d,2024-08-19T00:00:00,86.62,87.09,86.42,87.02,466319.0,normal,2025-12-11T07:49:45.784400Z,2024-08-19
PNW,1d,2024-08-16T00:00:00,86.3,86.61,85.8,86.45,749938.0,normal,2025-12-11T07:49:45.784400Z,2024-08-16
PNW,1d,2024-08-15T00:00:00,85.21,86.24,84.94,85.95,733121.0,normal,2025-12-11T07:49:45.784400Z,2024-08-15
PNW,1d,2024-08-14T00:00:00,85.88,86.4,85.2,85.7,436500.0,normal,2025-12-11T07:49:45.784400Z,2024-08-14
PNW,1d,2024-08-13T00:00:00,86.01,86.25,85.32,86.07,663100.0,normal,2025-12-11T07:49:45.784400Z,2024-08-13
PNW,1d,2024-08-12T00:00:00,85.8,86.27,85.34,85.74,657600.0,normal,2025-12-11T07:49:45.784400Z,2024-08-12
PNW,1d,2024-08-09T00:00:00,85.57,86.14,84.44,86.0,852805.0,normal,2025-12-11T07:49:45.784400Z,2024-08-09
PNW,1d,2024-08-08T00:00:00,84.84,85.77,84.67,85.4,974021.0,normal,2025-12-11T07:49:45.784400Z,2024-08-08
PNW,1d,2024-08-07T00:00:00,85.68,86.49,85.13,85.33,769400.0,normal,2025-12-11T07:49:45.784400Z,2024-08-07
PNW,1d,2024-08-06T00:00:00,85.5,86.37,85.31,85.32,806452.0,normal,2025-12-11T07:49:45.784400Z,2024-08-06
PNW,1d,2024-08-05T00:00:00,88.17,88.23,85.16,85.23,1337831.0,normal,2025-12-11T07:49:45.784400Z,2024-08-05
PNW,1d,2024-08-02T00:00:00,88.0,89.39,86.02,88.23,1186154.0,normal,2025-12-11T07:49:45.784400Z,2024-08-02
PNW,1d,2024-08-01T00:00:00,85.99,88.25,85.35,88.07,1888100.0,normal,2025-12-11T07:49:45.784400Z,2024-08-01
PNW,1d,2024-07-31T00:00:00,85.56,86.16,84.82,85.59,1461969.0,normal,2025-12-11T07:49:45.784400Z,2024-07-31
PNW,1d,2024-07-30T00:00:00,85.0,85.86,84.87,85.45,922800.0,normal,2025-12-11T07:49:45.784400Z,2024-07-30
PNW,1d,2024-07-29T00:00:00,84.71,85.36,84.13,85.19,658120.0,normal,2025-12-11T07:49:45.784400Z,2024-07-29
PNW,1d,2024-07-26T00:00:00,84.08,85.0,83.7,84.71,492949.0,normal,2025-12-11T07:49:45.784400Z,2024-07-26
PNW,1d,2024-07-25T00:00:00,84.02,84.85,83.31,83.59,934000.0,normal,2025-12-11T07:49:45.784400Z,2024-07-25
PNW,1d,2024-07-24T00:00:00,82.51,84.06,82.47,83.51,797900.0,normal,2025-12-11T07:49:45.784400Z,2024-07-24
PNW,1d,2024-07-23T00:00:00,82.89,82.89,82.3,82.56,664513.0,normal,2025-12-11T07:49:45.784400Z,2024-07-23
PNW,1d,2024-07-22T00:00:00,82.17,82.55,81.82,82.47,639500.0,normal,2025-12-11T07:49:45.784400Z,2024-07-22
PNW,1d,2024-07-19T00:00:00,82.4,82.41,81.27,82.17,695900.0,normal,2025-12-11T07:49:45.784400Z,2024-07-19
PNW,1d,2024-07-18T00:00:00,81.92,82.9,81.81,82.07,772548.0,normal,2025-12-11T07:49:45.784400Z,2024-07-18
PNW,1d,2024-07-17T00:00:00,81.0,82.56,80.5,82.37,1120500.0,normal,2025-12-11T07:49:45.784400Z,2024-07-17
PNW,1d,2024-07-16T00:00:00,80.07,80.8,79.36,80.55,1077796.0,normal,2025-12-11T07:49:45.784400Z,2024-07-16
PNW,1d,2024-07-15T00:00:00,79.67,80.57,79.33,79.59,975701.0,normal,2025-12-11T07:49:45.784400Z,2024-07-15
PNW,1d,2024-07-12T00:00:00,80.16,80.94,79.79,80.25,957100.0,normal,2025-12-11T07:49:45.784400Z,2024-07-12
PNW,1d,2024-07-11T00:00:00,78.94,80.25,78.93,80.01,1010915.0,normal,2025-12-11T07:49:45.784400Z,2024-07-11
PNW,1d,2024-07-10T00:00:00,77.81,78.57,77.1,78.49,1183249.0,normal,2025-12-11T07:49:45.784400Z,2024-07-10
PNW,1d,2024-07-09T00:00:00,76.13,77.48,76.0,77.45,939731.0,normal,2025-12-11T07:49:45.784400Z,2024-07-09
PNW,1d,2024-07-08T00:00:00,75.74,76.51,75.57,76.41,1087137.0,normal,2025-12-11T07:49:45.784400Z,2024-07-08
PNW,1d,2024-07-05T00:00:00,75.5,76.3,75.1,75.85,1626700.0,normal,2025-12-11T07:49:45.784400Z,2024-07-05
PNW,1d,2024-07-03T00:00:00,75.99,76.35,75.43,75.52,341000.0,normal,2025-12-11T07:49:45.784400Z,2024-07-03
PNW,1d,2024-07-02T00:00:00,75.85,76.29,75.52,76.03,736200.0,normal,2025-12-11T07:49:45.784400Z,2024-07-02
PNW,1d,2024-07-01T00:00:00,76.8,77.18,75.47,75.72,609600.0,normal,2025-12-11T07:49:45.784400Z,2024-07-01
PNW,1d,2024-06-28T00:00:00,76.26,76.86,75.8,76.38,1861700.0,normal,2025-12-11T07:49:45.784400Z,2024-06-28
PNW,1d,2024-06-27T00:00:00,75.65,76.27,75.26,75.94,1139621.0,normal,2025-12-11T07:49:45.784400Z,2024-06-27
PNW,1d,2024-06-26T00:00:00,74.8,75.75,74.45,75.64,785314.0,normal,2025-12-11T07:49:45.784400Z,2024-06-26
PNW,1d,2024-06-25T00:00:00,75.76,75.86,75.01,75.22,653900.0,normal,2025-12-11T07:49:45.784400Z,2024-06-25
PNW,1d,2024-06-24T00:00:00,74.56,76.01,74.56,75.73,1057100.0,normal,2025-12-11T07:49:45.784400Z,2024-06-24
PNW,1d,2024-06-21T00:00:00,75.72,76.0,74.54,74.61,2108600.0,normal,2025-12-11T07:49:45.784400Z,2024-06-21
PNW,1d,2024-06-20T00:00:00,74.77,75.75,74.71,75.49,881100.0,normal,2025-12-11T07:49:45.784400Z,2024-06-20
PNW,1d,2024-06-18T00:00:00,75.5,76.22,74.64,74.74,933374.0,normal,2025-12-11T07:49:45.784400Z,2024-06-18
PNW,1d,2024-06-17T00:00:00,76.01,76.74,75.8,75.85,787600.0,normal,2025-12-11T07:49:45.784400Z,2024-06-17
PNW,1d,2024-06-14T00:00:00,76.49,76.9,76.14,76.49,1216200.0,normal,2025-12-11T07:49:45.784400Z,2024-06-14
PNW,1d,2024-06-13T00:00:00,76.77,77.34,76.16,76.92,1381500.0,normal,2025-12-11T07:49:45.784400Z,2024-06-13
PNW,1d,2024-06-12T00:00:00,77.49,77.72,75.91,76.66,1403300.0,normal,2025-12-11T07:49:45.784400Z,2024-06-12
PNW,1d,2024-06-11T00:00:00,75.18,76.71,75.01,76.58,1094918.0,normal,2025-12-11T07:49:45.784400Z,2024-06-11
PNW,1d,2024-06-10T00:00:00,75.5,76.3,75.09,75.82,806500.0,normal,2025-12-11T07:49:45.784400Z,2024-06-10
PNW,1d,2024-06-07T00:00:00,75.83,76.57,75.68,75.69,780800.0,normal,2025-12-11T07:49:45.784400Z,2024-06-07
PNW,1d,2024-06-06T00:00:00,77.52,77.82,76.43,76.55,1057505.0,normal,2025-12-11T07:49:45.784400Z,2024-06-06
PNW,1d,2024-06-05T00:00:00,77.93,78.0,77.01,77.15,976024.0,normal,2025-12-11T07:49:45.784400Z,2024-06-05
PNW,1d,2024-06-04T00:00:00,76.45,78.86,76.32,78.0,2744010.0,normal,2025-12-11T07:49:45.784400Z,2024-06-04
PNW,1d,2024-06-03T00:00:00,76.99,78.44,76.64,76.92,2645230.0,normal,2025-12-11T07:49:45.784400Z,2024-06-03
PNW,1d,2024-05-31T00:00:00,77.4,78.89,77.21,78.86,824700.0,normal,2025-12-11T07:49:45.784400Z,2024-05-31
PNW,1d,2024-05-30T00:00:00,76.11,77.06,75.76,77.02,704100.0,normal,2025-12-11T07:49:45.784400Z,2024-05-30
PNW,1d,2024-05-29T00:00:00,75.74,76.17,75.45,75.73,604600.0,normal,2025-12-11T07:49:45.784400Z,2024-05-29
PNW,1d,2024-05-28T00:00:00,76.83,77.29,76.42,76.48,531100.0,normal,2025-12-11T07:49:45.784400Z,2024-05-28
PNW,1d,2024-05-24T00:00:00,76.59,76.95,76.17,76.82,430400.0,normal,2025-12-11T07:49:45.784400Z,2024-05-24
PNW,1d,2024-05-23T00:00:00,77.4,77.4,76.42,76.48,715948.0,normal,2025-12-11T07:49:45.784400Z,2024-05-23
PNW,1d,2024-05-22T00:00:00,78.22,78.4,77.59,77.77,684041.0,normal,2025-12-11T07:49:45.784400Z,2024-05-22
PNW,1d,2024-05-21T00:00:00,78.09,78.77,77.95,78.62,550736.0,normal,2025-12-11T07:49:45.784400Z,2024-05-21
PNW,1d,2024-05-20T00:00:00,78.65,78.65,77.77,78.01,486705.0,normal,2025-12-11T07:49:45.784400Z,2024-05-20
PNW,1d,2024-05-17T00:00:00,77.94,78.49,77.47,78.44,590926.0,normal,2025-12-11T07:49:45.784400Z,2024-05-17
PNW,1d,2024-05-16T00:00:00,77.6,78.19,77.32,77.82,492200.0,normal,2025-12-11T07:49:45.784400Z,2024-05-16
PNW,1d,2024-05-15T00:00:00,77.76,78.1,77.44,77.54,919600.0,normal,2025-12-11T07:49:45.784400Z,2024-05-15
PNW,1d,2024-05-14T00:00:00,77.34,77.58,76.85,77.0,716637.0,normal,2025-12-11T07:49:45.784400Z,2024-05-14
PNW,1d,2024-05-13T00:00:00,77.37,77.74,76.64,76.96,717407.0,normal,2025-12-11T07:49:45.784400Z,2024-05-13
PNW,1d,2024-05-10T00:00:00,77.67,77.72,76.83,77.24,695341.0,normal,2025-12-11T07:49:45.784400Z,2024-05-10
PNW,1d,2024-05-09T00:00:00,76.6,77.64,76.5,77.4,1002041.0,normal,2025-12-11T07:49:45.784400Z,2024-05-09
PNW,1d,2024-05-08T00:00:00,76.01,76.97,75.77,76.63,869529.0,normal,2025-12-11T07:49:45.784400Z,2024-05-08
PNW,1d,2024-05-07T00:00:00,76.49,76.81,75.97,76.41,988136.0,normal,2025-12-11T07:49:45.784400Z,2024-05-07
PNW,1d,2024-05-06T00:00:00,76.0,76.18,75.41,76.01,708400.0,normal,2025-12-11T07:49:45.784400Z,2024-05-06
PNW,1d,2024-05-03T00:00:00,75.72,76.07,75.0,75.79,1042600.0,normal,2025-12-11T07:49:45.784400Z,2024-05-03
PNW,1d,2024-05-02T00:00:00,76.0,76.08,74.82,75.04,1045700.0,normal,2025-12-11T07:49:45.784400Z,2024-05-02
PNW,1d,2024-05-01T00:00:00,73.5,75.54,73.14,74.94,1097106.0,normal,2025-12-11T07:49:45.784400Z,2024-05-01
PNW,1d,2024-04-30T00:00:00,73.89,74.32,72.78,73.65,1049300.0,normal,2025-12-11T07:49:45.784400Z,2024-04-30
PNW,1d,2024-04-29T00:00:00,73.99,75.15,73.99,74.91,739000.0,normal,2025-12-11T07:49:45.784400Z,2024-04-29
PNW,1d,2024-04-26T00:00:00,74.15,74.63,73.67,73.69,864408.0,normal,2025-12-11T07:49:45.784400Z,2024-04-26
PNW,1d,2024-04-25T00:00:00,74.34,74.82,73.58,74.2,766728.0,normal,2025-12-11T07:49:45.784400Z,2024-04-25
PNW,1d,2024-04-24T00:00:00,73.64,74.96,73.06,74.54,931900.0,normal,2025-12-11T07:49:45.784400Z,2024-04-24
PNW,1d,2024-04-23T00:00:00,74.55,75.28,74.37,74.5,698817.0,normal,2025-12-11T07:49:45.784400Z,2024-04-23
PNW,1d,2024-04-22T00:00:00,74.12,74.93,73.76,74.7,627649.0,normal,2025-12-11T07:49:45.784400Z,2024-04-22
PNW,1d,2024-04-19T00:00:00,73.03,74.49,72.98,74.4,689636.0,normal,2025-12-11T07:49:45.784400Z,2024-04-19
PNW,1d,2024-04-18T00:00:00,72.25,73.31,71.99,72.97,817106.0,normal,2025-12-11T07:49:45.784400Z,2024-04-18
PNW,1d,2024-04-17T00:00:00,71.79,72.25,71.15,71.97,801928.0,normal,2025-12-11T07:49:45.784400Z,2024-04-17
PNW,1d,2024-04-16T00:00:00,71.89,71.89,70.72,71.21,1418600.0,normal,2025-12-11T07:49:45.784400Z,2024-04-16
PNW,1d,2024-04-15T00:00:00,72.55,72.81,71.57,72.11,1479000.0,normal,2025-12-11T07:49:45.784400Z,2024-04-15
PNW,1d,2024-04-12T00:00:00,72.45,73.02,71.97,72.24,1565139.0,normal,2025-12-11T07:49:45.784400Z,2024-04-12
PNW,1d,2024-04-11T00:00:00,72.67,72.7,71.56,72.21,1500000.0,normal,2025-12-11T07:49:45.784400Z,2024-04-11
PNW,1d,2024-04-10T00:00:00,73.35,73.46,71.97,72.2,911924.0,normal,2025-12-11T07:49:45.784400Z,2024-04-10
PNW,1d,2024-04-09T00:00:00,74.35,74.67,73.95,74.62,1051200.0,normal,2025-12-11T07:49:45.784400Z,2024-04-09
PNW,1d,2024-04-08T00:00:00,72.87,74.33,72.87,74.08,759811.0,normal,2025-12-11T07:49:45.784400Z,2024-04-08
PNW,1d,2024-04-05T00:00:00,72.62,73.02,72.08,72.76,505600.0,normal,2025-12-11T07:49:45.784400Z,2024-04-05
PNW,1d,2024-04-04T00:00:00,73.57,73.6,72.68,73.02,750400.0,normal,2025-12-11T07:49:45.784400Z,2024-04-04
PNW,1d,2024-04-03T00:00:00,73.95,74.02,72.96,73.08,1074829.0,normal,2025-12-11T07:49:45.784400Z,2024-04-03
PNW,1d,2024-04-02T00:00:00,74.07,74.77,73.93,74.04,767800.0,normal,2025-12-11T07:49:45.784400Z,2024-04-02
PNW,1d,2024-04-01T00:00:00,74.61,74.61,73.61,74.05,707624.0,normal,2025-12-11T07:49:45.784400Z,2024-04-01
PNW,1d,2024-03-28T00:00:00,74.19,74.79,73.9,74.73,903242.0,normal,2025-12-11T07:49:45.784400Z,2024-03-28
PNW,1d,2024-03-27T00:00:00,72.36,74.11,72.19,74.03,1500538.0,normal,2025-12-11T07:49:45.784400Z,2024-03-27
PNW,1d,2024-03-26T00:00:00,72.52,72.77,71.99,71.99,892317.0,normal,2025-12-11T07:49:45.784400Z,2024-03-26
PNW,1d,2024-03-25T00:00:00,73.39,73.49,72.5,72.59,805844.0,normal,2025-12-11T07:49:45.784400Z,2024-03-25
PNW,1d,2024-03-22T00:00:00,73.27,73.51,72.69,73.01,800638.0,normal,2025-12-11T07:49:45.784400Z,2024-03-22
PNW,1d,2024-03-21T00:00:00,73.01,73.44,72.63,72.88,608421.0,normal,2025-12-11T07:49:45.784400Z,2024-03-21
PNW,1d,2024-03-20T00:00:00,72.39,73.38,72.17,72.78,925204.0,normal,2025-12-11T07:49:45.784400Z,2024-03-20
PNW,1d,2024-03-19T00:00:00,72.23,72.78,71.61,72.5,1188741.0,normal,2025-12-11T07:49:45.784400Z,2024-03-19
PNW,1d,2024-03-18T00:00:00,72.4,72.8,71.55,72.08,1759449.0,normal,2025-12-11T07:49:45.784400Z,2024-03-18
PNW,1d,2024-03-15T00:00:00,70.28,71.23,70.26,70.98,2201000.0,normal,2025-12-11T07:49:45.784400Z,2024-03-15
PNW,1d,2024-03-14T00:00:00,70.99,71.19,69.5,70.81,1187207.0,normal,2025-12-11T07:49:45.784400Z,2024-03-14
PNW,1d,2024-03-13T00:00:00,71.27,71.91,71.17,71.47,1180400.0,normal,2025-12-11T07:49:45.784400Z,2024-03-13
PNW,1d,2024-03-12T00:00:00,72.03,72.06,70.46,70.81,1168951.0,normal,2025-12-11T07:49:45.784400Z,2024-03-12
PNW,1d,2024-03-11T00:00:00,72.08,72.52,71.44,72.3,1327300.0,normal,2025-12-11T07:49:45.784400Z,2024-03-11
PNW,1d,2024-03-08T00:00:00,71.4,72.08,71.03,71.7,1488200.0,normal,2025-12-11T07:49:45.784400Z,2024-03-08
PNW,1d,2024-03-07T00:00:00,70.37,71.6,70.03,71.37,1456000.0,normal,2025-12-11T07:49:45.784400Z,2024-03-07
PNW,1d,2024-03-06T00:00:00,69.11,70.11,68.92,69.76,1177331.0,normal,2025-12-11T07:49:45.784400Z,2024-03-06
PNW,1d,2024-03-05T00:00:00,69.37,69.93,67.74,68.61,2331923.0,normal,2025-12-11T07:49:45.784400Z,2024-03-05
PNW,1d,2024-03-04T00:00:00,67.71,69.07,67.69,68.89,1323300.0,normal,2025-12-11T07:49:45.784400Z,2024-03-04
PNW,1d,2024-03-01T00:00:00,68.21,68.44,67.52,68.05,3184521.0,normal,2025-12-11T07:49:45.784400Z,2024-03-01
PNW,1d,2024-02-29T00:00:00,67.89,69.6,67.51,68.33,6148300.0,normal,2025-12-11T07:49:45.784400Z,2024-02-29
PNW,1d,2024-02-28T00:00:00,69.11,69.11,66.77,66.9,1263912.0,normal,2025-12-11T07:49:45.784400Z,2024-02-28
PNW,1d,2024-02-27T00:00:00,69.87,70.11,68.59,69.01,3141000.0,normal,2025-12-11T07:49:45.784400Z,2024-02-27
PNW,1d,2024-02-26T00:00:00,70.14,70.28,68.56,69.27,2591624.0,normal,2025-12-11T07:49:45.784400Z,2024-02-26
PNW,1d,2024-02-23T00:00:00,70.47,71.13,70.0,70.5,1836915.0,normal,2025-12-11T07:49:45.784400Z,2024-02-23
PNW,1d,2024-02-22T00:00:00,69.7,70.74,69.2,70.21,1546036.0,normal,2025-12-11T07:49:45.784400Z,2024-02-22
PNW,1d,2024-02-21T00:00:00,69.49,70.21,69.03,70.17,1374200.0,normal,2025-12-11T07:49:45.784400Z,2024-02-21
PNW,1d,2024-02-20T00:00:00,68.12,69.49,67.9,69.1,1126523.0,normal,2025-12-11T07:49:45.784400Z,2024-02-20
PNW,1d,2024-02-16T00:00:00,67.6,68.22,67.21,67.92,2509000.0,normal,2025-12-11T07:49:45.784400Z,2024-02-16
PNW,1d,2024-02-15T00:00:00,67.04,68.0,67.04,67.9,1535100.0,normal,2025-12-11T07:49:45.784400Z,2024-02-15
PNW,1d,2024-02-14T00:00:00,67.2,67.42,66.64,66.85,1463800.0,normal,2025-12-11T07:49:45.784400Z,2024-02-14
PNW,1d,2024-02-13T00:00:00,67.87,68.04,66.26,67.17,1453402.0,normal,2025-12-11T07:49:45.784400Z,2024-02-13
PNW,1d,2024-02-12T00:00:00,67.0,68.1,66.48,68.09,1247000.0,normal,2025-12-11T07:49:45.784400Z,2024-02-12
PNW,1d,2024-02-09T00:00:00,66.39,67.03,66.18,67.0,1060600.0,normal,2025-12-11T07:49:45.784400Z,2024-02-09
PNW,1d,2024-02-08T00:00:00,67.05,67.06,65.2,66.39,1847028.0,normal,2025-12-11T07:49:45.784400Z,2024-02-08
PNW,1d,2024-02-07T00:00:00,68.44,68.65,67.08,67.24,1161600.0,normal,2025-12-11T07:49:45.784400Z,2024-02-07
PNW,1d,2024-02-06T00:00:00,67.65,68.22,67.5,68.08,596738.0,normal,2025-12-11T07:49:45.784400Z,2024-02-06
PNW,1d,2024-02-05T00:00:00,67.99,68.4,67.18,67.81,853707.0,normal,2025-12-11T07:49:45.784400Z,2024-02-05
PNW,1d,2024-02-02T00:00:00,69.2,69.78,67.78,68.7,924243.0,normal,2025-12-11T07:49:45.784400Z,2024-02-02
PNW,1d,2024-02-01T00:00:00,68.59,70.17,68.22,70.13,1032800.0,normal,2025-12-11T07:49:45.784400Z,2024-02-01
PNW,1d,2024-01-31T00:00:00,70.23,70.3,68.62,68.9,1619124.0,normal,2025-12-11T07:49:45.784400Z,2024-01-31
PNW,1d,2024-01-30T00:00:00,70.2,70.93,69.69,70.42,918302.0,normal,2025-12-11T07:49:45.784400Z,2024-01-30
PNW,1d,2024-01-29T00:00:00,71.03,71.38,70.25,70.26,1333015.0,normal,2025-12-11T07:49:45.784400Z,2024-01-29
PNW,1d,2024-01-26T00:00:00,70.33,71.37,70.16,71.37,2242200.0,normal,2025-12-11T07:49:45.784400Z,2024-01-26
PNW,1d,2024-01-25T00:00:00,69.01,70.12,68.18,69.99,1516103.0,normal,2025-12-11T07:49:45.784400Z,2024-01-25
PNW,1d,2024-01-24T00:00:00,70.45,70.45,67.94,68.2,2092835.0,normal,2025-12-11T07:49:45.784400Z,2024-01-24
PNW,1d,2024-01-23T00:00:00,69.27,69.89,68.54,69.63,1173389.0,normal,2025-12-11T07:49:45.784400Z,2024-01-23
PNW,1d,2024-01-22T00:00:00,70.4,70.46,69.25,69.4,1169010.0,normal,2025-12-11T07:49:45.784400Z,2024-01-22
PNW,1d,2024-01-19T00:00:00,69.53,69.81,68.88,69.63,1195700.0,normal,2025-12-11T07:49:45.784400Z,2024-01-19
PNW,1d,2024-01-18T00:00:00,69.7,70.46,69.16,69.29,1920908.0,normal,2025-12-11T07:49:45.784400Z,2024-01-18
PNW,1d,2024-01-17T00:00:00,69.59,70.67,67.35,69.88,3414700.0,normal,2025-12-11T07:49:45.784400Z,2024-01-17
PNW,1d,2024-01-16T00:00:00,70.88,70.92,69.63,69.86,1468002.0,normal,2025-12-11T07:49:45.784400Z,2024-01-16
PNW,1d,2024-01-12T00:00:00,71.34,71.75,70.94,71.25,681224.0,normal,2025-12-11T07:49:45.784400Z,2024-01-12
PNW,1d,2024-01-11T00:00:00,73.15,73.15,70.8,71.03,722026.0,normal,2025-12-11T07:49:45.784400Z,2024-01-11
PNW,1d,2024-01-10T00:00:00,73.88,74.1,73.44,73.53,472810.0,normal,2025-12-11T07:49:45.784400Z,2024-01-10
PNW,1d,2024-01-09T00:00:00,74.0,74.23,73.56,73.91,598410.0,normal,2025-12-11T07:49:45.784400Z,2024-01-09
PNW,1d,2024-01-08T00:00:00,74.33,74.53,73.81,74.49,742100.0,normal,2025-12-11T07:49:45.784400Z,2024-01-08
PNW,1d,2024-01-05T00:00:00,74.4,75.18,73.9,74.33,1169900.0,normal,2025-12-11T07:49:45.784400Z,2024-01-05
PNW,1d,2024-01-04T00:00:00,74.05,74.88,73.43,74.32,860513.0,normal,2025-12-11T07:49:45.784400Z,2024-01-04
PNW,1d,2024-01-03T00:00:00,73.23,74.05,72.69,74.02,1117900.0,normal,2025-12-11T07:49:45.784400Z,2024-01-03
PNW,1d,2024-01-02T00:00:00,71.69,73.21,71.69,73.21,716100.0,normal,2025-12-11T07:49:45.784400Z,2024-01-02
PNW,1d,2023-12-29T00:00:00,71.42,71.87,71.26,71.84,509300.0,normal,2025-12-11T07:49:45.784400Z,2023-12-29
PNW,1d,2023-12-28T00:00:00,70.81,71.94,70.73,71.84,773448.0,normal,2025-12-11T07:49:45.784400Z,2023-12-28
PNW,1d,2023-12-27T00:00:00,71.34,71.45,70.58,70.8,702200.0,normal,2025-12-11T07:49:45.784400Z,2023-12-27
PNW,1d,2023-12-26T00:00:00,71.25,71.81,71.11,71.35,452500.0,normal,2025-12-11T07:49:45.784400Z,2023-12-26
PNW,1d,2023-12-22T00:00:00,71.33,71.88,70.93,71.13,686500.0,normal,2025-12-11T07:49:45.784400Z,2023-12-22
PNW,1d,2023-12-21T00:00:00,70.89,71.53,70.4,70.81,760372.0,normal,2025-12-11T07:49:45.784400Z,2023-12-21
PNW,1d,2023-12-20T00:00:00,72.57,72.91,70.63,70.73,1687230.0,normal,2025-12-11T07:49:45.784400Z,2023-12-20
PNW,1d,2023-12-19T00:00:00,72.62,72.86,71.99,72.68,742715.0,normal,2025-12-11T07:49:45.784400Z,2023-12-19
PNW,1d,2023-12-18T00:00:00,73.72,73.82,72.41,72.56,1136600.0,normal,2025-12-11T07:49:45.784400Z,2023-12-18
PNW,1d,2023-12-15T00:00:00,73.72,74.05,72.67,73.72,3150639.0,normal,2025-12-11T07:49:45.784400Z,2023-12-15
PNW,1d,2023-12-14T00:00:00,76.99,77.08,74.67,74.71,1497224.0,normal,2025-12-11T07:49:45.784400Z,2023-12-14
PNW,1d,2023-12-13T00:00:00,74.2,77.23,73.66,77.14,1252900.0,normal,2025-12-11T07:49:45.784400Z,2023-12-13
PNW,1d,2023-12-12T00:00:00,75.7,75.7,73.85,74.2,1380800.0,normal,2025-12-11T07:49:45.784400Z,2023-12-12
PNW,1d,2023-12-11T00:00:00,74.99,75.9,74.67,75.65,704000.0,normal,2025-12-11T07:49:45.784400Z,2023-12-11
PNW,1d,2023-12-08T00:00:00,76.05,76.24,75.15,75.3,1228800.0,normal,2025-12-11T07:49:45.784400Z,2023-12-08
PNW,1d,2023-12-07T00:00:00,76.3,76.3,75.58,76.05,962318.0,normal,2025-12-11T07:49:45.784400Z,2023-12-07
PNW,1d,2023-12-06T00:00:00,75.24,76.21,75.1,76.21,733600.0,normal,2025-12-11T07:49:45.784400Z,2023-12-06
PNW,1d,2023-12-05T00:00:00,75.01,75.18,74.5,74.82,650600.0,normal,2025-12-11T07:49:45.784400Z,2023-12-05
PNW,1d,2023-12-04T00:00:00,74.52,75.53,74.52,75.09,505221.0,normal,2025-12-11T07:49:45.784400Z,2023-12-04
PNW,1d,2023-12-01T00:00:00,74.89,75.15,74.37,75.08,592900.0,normal,2025-12-11T07:49:45.784400Z,2023-12-01
PNW,1d,2023-11-30T00:00:00,74.23,75.12,74.05,74.94,895200.0,normal,2025-12-11T07:49:45.784400Z,2023-11-30
PNW,1d,2023-11-29T00:00:00,74.23,74.9,73.83,74.11,937200.0,normal,2025-12-11T07:49:45.784400Z,2023-11-29
PNW,1d,2023-11-28T00:00:00,73.86,74.87,73.53,74.34,845900.0,normal,2025-12-11T07:49:45.784400Z,2023-11-28
PNW,1d,2023-11-27T00:00:00,73.47,73.81,72.98,73.75,1043400.0,normal,2025-12-11T07:49:45.784400Z,2023-11-27
PNW,1d,2023-11-24T00:00:00,73.58,73.98,72.91,73.26,559500.0,normal,2025-12-11T07:49:45.784400Z,2023-11-24
PNW,1d,2023-11-22T00:00:00,72.01,73.77,71.62,73.65,1583944.0,normal,2025-12-11T07:49:45.784400Z,2023-11-22
PNW,1d,2023-11-21T00:00:00,71.62,71.85,70.72,71.8,805635.0,normal,2025-12-11T07:49:45.784400Z,2023-11-21
PNW,1d,2023-11-20T00:00:00,71.5,72.03,70.67,71.72,1007226.0,normal,2025-12-11T07:49:45.784400Z,2023-11-20
PNW,1d,2023-11-17T00:00:00,72.8,72.8,71.86,71.97,1007422.0,normal,2025-12-11T07:49:45.784400Z,2023-11-17
PNW,1d,2023-11-16T00:00:00,72.86,73.14,72.26,72.39,1308453.0,normal,2025-12-11T07:49:45.784400Z,2023-11-16
PNW,1d,2023-11-15T00:00:00,72.26,73.21,72.0,72.37,1468547.0,normal,2025-12-11T07:49:45.784400Z,2023-11-15
PNW,1d,2023-11-14T00:00:00,70.31,72.44,70.16,72.42,1259004.0,normal,2025-12-11T07:49:45.784400Z,2023-11-14
PNW,1d,2023-11-13T00:00:00,70.54,70.7,68.55,68.94,1118732.0,normal,2025-12-11T07:49:45.784400Z,2023-11-13
PNW,1d,2023-11-10T00:00:00,71.28,71.28,70.04,70.46,985544.0,normal,2025-12-11T07:49:45.784400Z,2023-11-10
PNW,1d,2023-11-09T00:00:00,71.14,71.84,70.6,71.02,985048.0,normal,2025-12-11T07:49:45.784400Z,2023-11-09
PNW,1d,2023-11-08T00:00:00,71.78,71.78,70.1,70.95,874600.0,normal,2025-12-11T07:49:45.784400Z,2023-11-08
PNW,1d,2023-11-07T00:00:00,72.96,73.01,72.2,72.21,722067.0,normal,2025-12-11T07:49:45.784400Z,2023-11-07
PNW,1d,2023-11-06T00:00:00,73.92,73.92,72.76,72.84,1265100.0,normal,2025-12-11T07:49:45.784400Z,2023-11-06
PNW,1d,2023-11-03T00:00:00,75.9,76.1,73.82,73.92,1244400.0,normal,2025-12-11T07:49:45.784400Z,2023-11-03
PNW,1d,2023-11-02T00:00:00,74.3,76.27,74.16,75.17,1369903.0,normal,2025-12-11T07:49:45.784400Z,2023-11-02
PNW,1d,2023-11-01T00:00:00,74.3,75.91,73.79,75.57,1035035.0,normal,2025-12-11T07:49:45.784400Z,2023-11-01
PNW,1d,2023-10-31T00:00:00,73.81,74.52,73.55,74.18,767500.0,normal,2025-12-11T07:49:45.784400Z,2023-10-31
PNW,1d,2023-10-30T00:00:00,74.42,74.94,73.58,74.35,776806.0,normal,2025-12-11T07:49:45.784400Z,2023-10-30
PNW,1d,2023-10-27T00:00:00,75.01,75.01,73.38,73.77,853134.0,normal,2025-12-11T07:49:45.784400Z,2023-10-27
PNW,1d,2023-10-26T00:00:00,74.6,75.87,74.31,75.09,1059500.0,normal,2025-12-11T07:49:45.784400Z,2023-10-26
PNW,1d,2023-10-25T00:00:00,74.06,74.91,74.06,74.37,1002100.0,normal,2025-12-11T07:49:45.784400Z,2023-10-25
PNW,1d,2023-10-24T00:00:00,73.84,74.6,73.65,74.35,978626.0,normal,2025-12-11T07:49:45.784400Z,2023-10-24
PNW,1d,2023-10-23T00:00:00,73.17,74.21,72.89,73.07,922688.0,normal,2025-12-11T07:49:45.784400Z,2023-10-23
PNW,1d,2023-10-20T00:00:00,75.48,75.8,74.22,74.23,642727.0,normal,2025-12-11T07:49:45.784400Z,2023-10-20
PNW,1d,2023-10-19T00:00:00,75.78,76.36,75.25,75.3,497806.0,normal,2025-12-11T07:49:45.784400Z,2023-10-19
PNW,1d,2023-10-18T00:00:00,76.15,76.29,75.27,75.72,838330.0,normal,2025-12-11T07:49:45.784400Z,2023-10-18
PNW,1d,2023-10-17T00:00:00,76.05,76.86,75.76,76.18,622147.0,normal,2025-12-11T07:49:45.784400Z,2023-10-17
PNW,1d,2023-10-16T00:00:00,75.92,76.71,75.65,76.53,527835.0,normal,2025-12-11T07:49:45.784400Z,2023-10-16
PNW,1d,2023-10-13T00:00:00,75.43,75.98,75.17,75.69,747708.0,normal,2025-12-11T07:49:45.784400Z,2023-10-13
PNW,1d,2023-10-12T00:00:00,75.2,75.93,74.06,74.8,882404.0,normal,2025-12-11T07:49:45.784400Z,2023-10-12
PNW,1d,2023-10-11T00:00:00,74.52,75.74,74.31,75.44,710000.0,normal,2025-12-11T07:49:45.784400Z,2023-10-11
PNW,1d,2023-10-10T00:00:00,73.2,74.32,73.01,74.17,836038.0,normal,2025-12-11T07:49:45.784400Z,2023-10-10
PNW,1d,2023-10-09T00:00:00,71.95,73.1,71.75,73.04,618627.0,normal,2025-12-11T07:49:45.784400Z,2023-10-09
PNW,1d,2023-10-06T00:00:00,71.36,72.72,69.56,72.36,909000.0,normal,2025-12-11T07:49:45.784400Z,2023-10-06
PNW,1d,2023-10-05T00:00:00,72.03,72.45,71.47,72.14,737300.0,normal,2025-12-11T07:49:45.784400Z,2023-10-05
PNW,1d,2023-10-04T00:00:00,72.08,72.36,70.76,71.74,901200.0,normal,2025-12-11T07:49:45.784400Z,2023-10-04
PNW,1d,2023-10-03T00:00:00,70.56,72.18,69.63,71.87,876970.0,normal,2025-12-11T07:49:45.784400Z,2023-10-03
PNW,1d,2023-10-02T00:00:00,73.23,73.33,70.58,71.27,954232.0,normal,2025-12-11T07:49:45.784400Z,2023-10-02
PNW,1d,2023-09-29T00:00:00,74.19,74.58,73.17,73.68,516272.0,normal,2025-12-11T07:49:45.784400Z,2023-09-29
PNW,1d,2023-09-28T00:00:00,74.46,74.56,73.24,73.47,651400.0,normal,2025-12-11T07:49:45.784400Z,2023-09-28
PNW,1d,2023-09-27T00:00:00,74.52,75.29,73.94,74.16,490000.0,normal,2025-12-11T07:49:45.784400Z,2023-09-27
PNW,1d,2023-09-26T00:00:00,77.1,77.19,74.69,74.84,608356.0,normal,2025-12-11T07:49:45.784400Z,2023-09-26
PNW,1d,2023-09-25T00:00:00,76.78,77.64,76.78,77.41,430900.0,normal,2025-12-11T07:49:45.784400Z,2023-09-25
PNW,1d,2023-09-22T00:00:00,78.05,78.49,77.57,77.81,546000.0,normal,2025-12-11T07:49:45.784400Z,2023-09-22
PNW,1d,2023-09-21T00:00:00,79.5,79.63,78.39,78.4,583085.0,normal,2025-12-11T07:49:45.784400Z,2023-09-21
PNW,1d,2023-09-20T00:00:00,79.42,80.19,78.82,79.5,613028.0,normal,2025-12-11T07:49:45.784400Z,2023-09-20
PNW,1d,2023-09-19T00:00:00,79.27,79.47,78.91,78.93,523100.0,normal,2025-12-11T07:49:45.784400Z,2023-09-19
PNW,1d,2023-09-18T00:00:00,78.81,79.59,78.38,79.09,678522.0,normal,2025-12-11T07:49:45.784400Z,2023-09-18
PNW,1d,2023-09-15T00:00:00,79.18,79.31,78.38,78.62,1740500.0,normal,2025-12-11T07:49:45.784400Z,2023-09-15
PNW,1d,2023-09-14T00:00:00,77.92,78.71,77.6,78.7,575406.0,normal,2025-12-11T07:49:45.784400Z,2023-09-14
PNW,1d,2023-09-13T00:00:00,76.2,77.72,76.2,77.42,624100.0,normal,2025-12-11T07:49:45.784400Z,2023-09-13
PNW,1d,2023-09-12T00:00:00,76.73,76.93,76.0,76.48,546400.0,normal,2025-12-11T07:49:45.784400Z,2023-09-12
PNW,1d,2023-09-11T00:00:00,76.14,77.19,76.14,76.52,863003.0,normal,2025-12-11T07:49:45.784400Z,2023-09-11
PNW,1d,2023-09-08T00:00:00,76.14,76.77,75.83,76.62,512825.0,normal,2025-12-11T07:49:45.784400Z,2023-09-08
PNW,1d,2023-09-07T00:00:00,76.07,76.6,75.6,75.98,752500.0,normal,2025-12-11T07:49:45.784400Z,2023-09-07
PNW,1d,2023-09-06T00:00:00,74.1,75.5,73.72,75.44,882797.0,normal,2025-12-11T07:49:45.784400Z,2023-09-06
PNW,1d,2023-09-05T00:00:00,75.62,75.64,73.95,74.08,847010.0,normal,2025-12-11T07:49:45.784400Z,2023-09-05
PNW,1d,2023-09-01T00:00:00,77.67,77.79,75.68,75.97,759400.0,normal,2025-12-11T07:49:45.784400Z,2023-09-01
PNW,1d,2023-08-31T00:00:00,78.29,78.48,77.06,77.27,728415.0,normal,2025-12-11T07:49:45.784400Z,2023-08-31
PNW,1d,2023-08-30T00:00:00,78.45,79.4,78.01,78.05,791800.0,normal,2025-12-11T07:49:45.784400Z,2023-08-30
PNW,1d,2023-08-29T00:00:00,78.78,79.32,78.59,78.77,573932.0,normal,2025-12-11T07:49:45.784400Z,2023-08-29
PNW,1d,2023-08-28T00:00:00,79.06,79.62,78.76,78.82,398000.0,normal,2025-12-11T07:49:45.784400Z,2023-08-28
PNW,1d,2023-08-25T00:00:00,78.79,79.57,78.72,79.16,632800.0,normal,2025-12-11T07:49:45.784400Z,2023-08-25
PNW,1d,2023-08-24T00:00:00,78.85,80.24,78.67,78.79,895300.0,normal,2025-12-11T07:49:45.784400Z,2023-08-24
PNW,1d,2023-08-23T00:00:00,79.35,79.49,78.21,78.9,875622.0,normal,2025-12-11T07:49:45.784400Z,2023-08-23
PNW,1d,2023-08-22T00:00:00,78.59,79.06,78.1,78.7,1429814.0,normal,2025-12-11T07:49:45.784400Z,2023-08-22
PNW,1d,2023-08-21T00:00:00,78.19,78.19,76.68,77.68,950300.0,normal,2025-12-11T07:49:45.784400Z,2023-08-21
PNW,1d,2023-08-18T00:00:00,77.45,78.65,77.45,78.25,1062600.0,normal,2025-12-11T07:49:45.784400Z,2023-08-18
PNW,1d,2023-08-17T00:00:00,77.32,78.13,77.21,77.33,813348.0,normal,2025-12-11T07:49:45.784400Z,2023-08-17
PNW,1d,2023-08-16T00:00:00,77.07,77.7,76.7,77.3,750300.0,normal,2025-12-11T07:49:45.784400Z,2023-08-16
PNW,1d,2023-08-15T00:00:00,76.77,76.99,76.45,76.65,1157916.0,normal,2025-12-11T07:49:45.784400Z,2023-08-15
PNW,1d,2023-08-14T00:00:00,77.39,77.39,76.6,77.35,535405.0,normal,2025-12-11T07:49:45.784400Z,2023-08-14
PNW,1d,2023-08-11T00:00:00,77.38,77.72,77.18,77.4,415622.0,normal,2025-12-11T07:49:45.784400Z,2023-08-11
PNW,1d,2023-08-10T00:00:00,78.02,78.39,76.89,77.1,726005.0,normal,2025-12-11T07:49:45.784400Z,2023-08-10
PNW,1d,2023-08-09T00:00:00,78.3,79.56,77.72,77.96,1204927.0,normal,2025-12-11T07:49:45.784400Z,2023-08-09
PNW,1d,2023-08-08T00:00:00,76.57,77.26,75.51,77.08,835618.0,normal,2025-12-11T07:49:45.784400Z,2023-08-08
PNW,1d,2023-08-07T00:00:00,78.82,79.11,76.59,76.62,1059500.0,normal,2025-12-11T07:49:45.784400Z,2023-08-07
PNW,1d,2023-08-04T00:00:00,79.74,80.36,78.25,78.58,790117.0,normal,2025-12-11T07:49:45.784400Z,2023-08-04
PNW,1d,2023-08-03T00:00:00,81.89,82.35,79.3,79.3,1647000.0,normal,2025-12-11T07:49:45.784400Z,2023-08-03
PNW,1d,2023-08-02T00:00:00,82.45,83.17,81.87,82.57,774300.0,normal,2025-12-11T07:49:45.784400Z,2023-08-02
PNW,1d,2023-08-01T00:00:00,82.9,83.06,82.0,82.28,1349337.0,normal,2025-12-11T07:49:45.784400Z,2023-08-01
PNW,1d,2023-07-31T00:00:00,83.24,83.38,82.48,82.82,1725100.0,normal,2025-12-11T07:49:45.784400Z,2023-07-31
PNW,1d,2023-07-28T00:00:00,84.79,84.92,83.4,83.8,684500.0,normal,2025-12-11T07:49:45.784400Z,2023-07-28
PNW,1d,2023-07-27T00:00:00,84.59,84.81,83.24,84.03,1170314.0,normal,2025-12-11T07:49:45.784400Z,2023-07-27
PNW,1d,2023-07-26T00:00:00,85.09,86.0,84.36,84.74,747341.0,normal,2025-12-11T07:49:45.784400Z,2023-07-26
PNW,1d,2023-07-25T00:00:00,85.27,86.03,84.94,85.24,498901.0,normal,2025-12-11T07:49:45.784400Z,2023-07-25
PNW,1d,2023-07-24T00:00:00,85.32,85.74,84.71,85.33,543600.0,normal,2025-12-11T07:49:45.784400Z,2023-07-24
PNW,1d,2023-07-21T00:00:00,85.0,85.92,84.58,85.42,690312.0,normal,2025-12-11T07:49:45.784400Z,2023-07-21
PNW,1d,2023-07-20T00:00:00,82.93,84.97,82.38,84.5,1178500.0,normal,2025-12-11T07:49:45.784400Z,2023-07-20
PNW,1d,2023-07-19T00:00:00,82.47,83.16,82.0,82.42,1789139.0,normal,2025-12-11T07:49:45.784400Z,2023-07-19
PNW,1d,2023-07-18T00:00:00,82.42,83.04,81.23,82.54,595749.0,normal,2025-12-11T07:49:45.784400Z,2023-07-18
PNW,1d,2023-07-17T00:00:00,83.0,83.0,82.01,82.43,517000.0,normal,2025-12-11T07:49:45.784400Z,2023-07-17
PNW,1d,2023-07-14T00:00:00,82.88,83.64,82.5,83.2,569300.0,normal,2025-12-11T07:49:45.784400Z,2023-07-14
PNW,1d,2023-07-13T00:00:00,83.08,83.8,82.52,83.25,790100.0,normal,2025-12-11T07:49:45.784400Z,2023-07-13
PNW,1d,2023-07-12T00:00:00,82.53,83.38,82.22,83.34,594710.0,normal,2025-12-11T07:49:45.784400Z,2023-07-12
PNW,1d,2023-07-11T00:00:00,81.51,82.18,81.28,82.17,475100.0,normal,2025-12-11T07:49:45.784400Z,2023-07-11
PNW,1d,2023-07-10T00:00:00,81.7,82.21,80.59,81.38,561800.0,normal,2025-12-11T07:49:45.784400Z,2023-07-10
PNW,1d,2023-07-07T00:00:00,81.64,82.77,81.47,81.92,985300.0,normal,2025-12-11T07:49:45.784400Z,2023-07-07
PNW,1d,2023-07-06T00:00:00,82.15,82.15,81.16,82.05,440559.0,normal,2025-12-11T07:49:45.784400Z,2023-07-06
PNW,1d,2023-07-05T00:00:00,81.39,83.16,81.25,82.68,502400.0,normal,2025-12-11T07:49:45.784400Z,2023-07-05
PNW,1d,2023-07-03T00:00:00,81.4,82.03,81.13,81.74,369300.0,normal,2025-12-11T07:49:45.784400Z,2023-07-03
PNW,1d,2023-06-30T00:00:00,80.96,81.73,80.46,81.46,610210.0,normal,2025-12-11T07:49:45.784400Z,2023-06-30
PNW,1d,2023-06-29T00:00:00,79.83,81.57,79.75,80.73,796110.0,normal,2025-12-11T07:49:45.784400Z,2023-06-29
PNW,1d,2023-06-28T00:00:00,81.78,82.0,79.83,80.54,1256900.0,normal,2025-12-11T07:49:45.784400Z,2023-06-28
PNW,1d,2023-06-27T00:00:00,81.96,82.6,81.65,82.0,668700.0,normal,2025-12-11T07:49:45.784400Z,2023-06-27
PNW,1d,2023-06-26T00:00:00,81.07,82.18,80.88,81.95,694500.0,normal,2025-12-11T07:49:45.784400Z,2023-06-26
PNW,1d,2023-06-23T00:00:00,82.91,83.12,80.44,80.81,838803.0,normal,2025-12-11T07:49:45.784400Z,2023-06-23
PNW,1d,2023-06-22T00:00:00,83.31,83.31,82.33,82.67,623700.0,normal,2025-12-11T07:49:45.784400Z,2023-06-22
PNW,1d,2023-06-21T00:00:00,82.48,83.56,81.41,83.12,647800.0,normal,2025-12-11T07:49:45.784400Z,2023-06-21
PNW,1d,2023-06-20T00:00:00,83.25,83.25,81.78,82.63,901200.0,normal,2025-12-11T07:49:45.784400Z,2023-06-20
PNW,1d,2023-06-16T00:00:00,83.98,84.59,82.96,83.25,1514326.0,normal,2025-12-11T07:49:45.784400Z,2023-06-16
PNW,1d,2023-06-15T00:00:00,82.26,83.62,81.78,83.55,1035700.0,normal,2025-12-11T07:49:45.784400Z,2023-06-15
PNW,1d,2023-06-14T00:00:00,81.57,82.55,81.47,82.02,868801.0,normal,2025-12-11T07:49:45.784400Z,2023-06-14
PNW,1d,2023-06-13T00:00:00,80.58,81.55,80.23,81.5,659339.0,normal,2025-12-11T07:49:45.784400Z,2023-06-13
PNW,1d,2023-06-12T00:00:00,81.03,81.55,80.51,81.06,618405.0,normal,2025-12-11T07:49:45.784400Z,2023-06-12
PNW,1d,2023-06-09T00:00:00,81.44,81.52,80.3,80.79,794739.0,normal,2025-12-11T07:49:45.784400Z,2023-06-09
PNW,1d,2023-06-08T00:00:00,80.59,81.28,79.94,81.23,694318.0,normal,2025-12-11T07:49:45.784400Z,2023-06-08
PNW,1d,2023-06-07T00:00:00,79.72,80.71,79.18,80.5,949407.0,normal,2025-12-11T07:49:45.784400Z,2023-06-07
PNW,1d,2023-06-06T00:00:00,78.21,79.72,77.94,79.43,1179500.0,normal,2025-12-11T07:49:45.784400Z,2023-06-06
PNW,1d,2023-06-05T00:00:00,77.17,78.47,77.07,77.76,555103.0,normal,2025-12-11T07:49:45.784400Z,2023-06-05
PNW,1d,2023-06-02T00:00:00,75.56,77.5,75.0,77.36,859718.0,normal,2025-12-11T07:49:45.784400Z,2023-06-02
PNW,1d,2023-06-01T00:00:00,77.35,77.56,75.74,76.07,712400.0,normal,2025-12-11T07:49:45.784400Z,2023-06-01
PNW,1d,2023-05-31T00:00:00,76.84,77.79,76.26,77.28,816500.0,normal,2025-12-11T07:49:45.784400Z,2023-05-31
PNW,1d,2023-05-30T00:00:00,76.94,77.63,76.44,76.61,619200.0,normal,2025-12-11T07:49:45.784400Z,2023-05-30
PNW,1d,2023-05-26T00:00:00,76.45,76.85,75.76,76.8,677300.0,normal,2025-12-11T07:49:45.784400Z,2023-05-26
PNW,1d,2023-05-25T00:00:00,76.85,76.85,75.51,76.39,423200.0,normal,2025-12-11T07:49:45.784400Z,2023-05-25
PNW,1d,2023-05-24T00:00:00,77.65,77.94,76.92,77.18,388300.0,normal,2025-12-11T07:49:45.784400Z,2023-05-24
PNW,1d,2023-05-23T00:00:00,77.6,78.3,77.14,77.65,482846.0,normal,2025-12-11T07:49:45.784400Z,2023-05-23
PNW,1d,2023-05-22T00:00:00,77.7,78.06,77.25,77.69,497309.0,normal,2025-12-11T07:49:45.784400Z,2023-05-22
PNW,1d,2023-05-19T00:00:00,78.74,78.75,77.49,77.52,858100.0,normal,2025-12-11T07:49:45.784400Z,2023-05-19
PNW,1d,2023-05-18T00:00:00,77.86,78.35,77.34,78.21,681700.0,normal,2025-12-11T07:49:45.784400Z,2023-05-18
PNW,1d,2023-05-17T00:00:00,78.89,78.89,77.86,78.52,505200.0,normal,2025-12-11T07:49:45.784400Z,2023-05-17
PNW,1d,2023-05-16T00:00:00,80.21,80.21,78.35,78.63,529200.0,normal,2025-12-11T07:49:45.784400Z,2023-05-16
PNW,1d,2023-05-15T00:00:00,81.04,81.04,79.42,80.15,733300.0,normal,2025-12-11T07:49:45.784400Z,2023-05-15
PNW,1d,2023-05-12T00:00:00,81.0,81.46,80.31,80.81,511000.0,normal,2025-12-11T07:49:45.784400Z,2023-05-12
PNW,1d,2023-05-11T00:00:00,80.78,80.98,79.93,80.56,700900.0,normal,2025-12-11T07:49:45.784400Z,2023-05-11
PNW,1d,2023-05-10T00:00:00,80.55,80.9,79.6,80.66,423300.0,normal,2025-12-11T07:49:45.784400Z,2023-05-10
PNW,1d,2023-05-09T00:00:00,79.55,80.22,79.23,79.85,492214.0,normal,2025-12-11T07:49:45.784400Z,2023-05-09
PNW,1d,2023-05-08T00:00:00,80.06,80.89,79.7,79.82,692526.0,normal,2025-12-11T07:49:45.784400Z,2023-05-08
PNW,1d,2023-05-05T00:00:00,78.95,80.27,78.54,80.12,495621.0,normal,2025-12-11T07:49:45.784400Z,2023-05-05
PNW,1d,2023-05-04T00:00:00,78.76,80.45,76.76,79.69,1012300.0,normal,2025-12-11T07:49:45.784400Z,2023-05-04
PNW,1d,2023-05-03T00:00:00,78.92,79.55,78.27,78.42,607700.0,normal,2025-12-11T07:49:45.784400Z,2023-05-03
PNW,1d,2023-05-02T00:00:00,79.0,79.0,77.19,78.44,719300.0,normal,2025-12-11T07:49:45.784400Z,2023-05-02
PNW,1d,2023-05-01T00:00:00,78.46,79.67,78.22,78.92,804300.0,normal,2025-12-11T07:49:45.784400Z,2023-05-01
PNW,1d,2023-04-28T00:00:00,78.65,79.08,78.23,78.46,484600.0,normal,2025-12-11T07:49:45.784400Z,2023-04-28
PNW,1d,2023-04-27T00:00:00,79.06,79.7,78.7,79.63,587100.0,normal,2025-12-11T07:49:45.784400Z,2023-04-27
PNW,1d,2023-04-26T00:00:00,80.37,80.83,78.92,78.99,620946.0,normal,2025-12-11T07:49:45.784400Z,2023-04-26
PNW,1d,2023-04-25T00:00:00,80.94,81.29,80.64,80.94,367500.0,normal,2025-12-11T07:49:45.784400Z,2023-04-25
PNW,1d,2023-04-24T00:00:00,80.59,80.97,80.08,80.92,816200.0,normal,2025-12-11T07:49:45.784400Z,2023-04-24
PNW,1d,2023-04-21T00:00:00,80.85,80.85,79.76,80.59,512500.0,normal,2025-12-11T07:49:45.784400Z,2023-04-21
PNW,1d,2023-04-20T00:00:00,80.15,80.33,79.45,80.21,568647.0,normal,2025-12-11T07:49:45.784400Z,2023-04-20
PNW,1d,2023-04-19T00:00:00,79.21,79.99,78.86,79.98,534217.0,normal,2025-12-11T07:49:45.784400Z,2023-04-19
PNW,1d,2023-04-18T00:00:00,79.22,79.57,78.41,79.01,912431.0,normal,2025-12-11T07:49:45.784400Z,2023-04-18
PNW,1d,2023-04-17T00:00:00,78.83,79.32,78.4,79.31,407791.0,normal,2025-12-11T07:49:45.784400Z,2023-04-17
PNW,1d,2023-04-14T00:00:00,78.81,79.08,78.19,78.48,587300.0,normal,2025-12-11T07:49:45.784400Z,2023-04-14
PNW,1d,2023-04-13T00:00:00,79.33,80.18,78.12,79.69,853800.0,normal,2025-12-11T07:49:45.784400Z,2023-04-13
PNW,1d,2023-04-12T00:00:00,80.2,80.62,79.54,79.83,922200.0,normal,2025-12-11T07:49:45.784400Z,2023-04-12
PNW,1d,2023-04-11T00:00:00,80.59,80.99,79.88,80.05,1012117.0,normal,2025-12-11T07:49:45.784400Z,2023-04-11
PNW,1d,2023-04-10T00:00:00,79.91,80.47,79.59,80.42,793946.0,normal,2025-12-11T07:49:45.784400Z,2023-04-10
PNW,1d,2023-04-06T00:00:00,81.0,81.63,79.93,80.29,1197200.0,normal,2025-12-11T07:49:45.784400Z,2023-04-06
PNW,1d,2023-04-05T00:00:00,78.87,80.67,78.76,80.63,965300.0,normal,2025-12-11T07:49:45.784400Z,2023-04-05
PNW,1d,2023-04-04T00:00:00,78.58,78.84,77.84,78.68,851108.0,normal,2025-12-11T07:49:45.784400Z,2023-04-04
PNW,1d,2023-04-03T00:00:00,78.74,79.08,77.94,78.47,759500.0,normal,2025-12-11T07:49:45.784400Z,2023-04-03
PNW,1d,2023-03-31T00:00:00,79.17,79.69,78.47,79.24,796500.0,normal,2025-12-11T07:49:45.784400Z,2023-03-31
PNW,1d,2023-03-30T00:00:00,78.8,79.23,78.57,79.09,531721.0,normal,2025-12-11T07:49:45.784400Z,2023-03-30
PNW,1d,2023-03-29T00:00:00,78.06,78.77,77.81,78.45,555600.0,normal,2025-12-11T07:49:45.784400Z,2023-03-29
PNW,1d,2023-03-28T00:00:00,77.17,78.35,76.78,77.57,705124.0,normal,2025-12-11T07:49:45.784400Z,2023-03-28
PNW,1d,2023-03-27T00:00:00,77.4,78.11,77.15,77.28,644942.0,normal,2025-12-11T07:49:45.784400Z,2023-03-27
PNW,1d,2023-03-24T00:00:00,74.13,77.23,74.02,77.22,969400.0,normal,2025-12-11T07:49:45.784400Z,2023-03-24
PNW,1d,2023-03-23T00:00:00,74.99,76.35,73.82,74.1,940620.0,normal,2025-12-11T07:49:45.784400Z,2023-03-23
PNW,1d,2023-03-22T00:00:00,77.1,77.34,75.33,75.34,1055867.0,normal,2025-12-11T07:49:45.784400Z,2023-03-22
PNW,1d,2023-03-21T00:00:00,79.67,79.7,76.52,77.4,1256800.0,normal,2025-12-11T07:49:45.784400Z,2023-03-21
PNW,1d,2023-03-20T00:00:00,77.87,80.05,77.51,79.62,1114823.0,normal,2025-12-11T07:49:45.784400Z,2023-03-20
PNW,1d,2023-03-17T00:00:00,78.31,78.53,76.85,77.64,2373133.0,normal,2025-12-11T07:49:45.784400Z,2023-03-17
PNW,1d,2023-03-16T00:00:00,77.84,78.98,77.33,78.68,959852.0,normal,2025-12-11T07:49:45.784400Z,2023-03-16
PNW,1d,2023-03-15T00:00:00,77.86,79.07,77.13,78.21,1243540.0,normal,2025-12-11T07:49:45.784400Z,2023-03-15
PNW,1d,2023-03-14T00:00:00,77.07,78.54,76.78,77.89,1683900.0,normal,2025-12-11T07:49:45.784400Z,2023-03-14
PNW,1d,2023-03-13T00:00:00,73.91,76.93,73.53,75.45,862300.0,normal,2025-12-11T07:49:45.784400Z,2023-03-13
PNW,1d,2023-03-10T00:00:00,75.81,76.12,73.55,74.01,707415.0,normal,2025-12-11T07:49:45.784400Z,2023-03-10
PNW,1d,2023-03-09T00:00:00,77.31,78.05,75.61,75.66,1138000.0,normal,2025-12-11T07:49:45.784400Z,2023-03-09
PNW,1d,2023-03-08T00:00:00,75.9,77.41,75.48,77.06,1310938.0,normal,2025-12-11T07:49:45.784400Z,2023-03-08
PNW,1d,2023-03-07T00:00:00,76.13,76.39,74.55,75.7,1694200.0,normal,2025-12-11T07:49:45.784400Z,2023-03-07
PNW,1d,2023-03-06T00:00:00,76.13,76.58,75.66,76.08,1018423.0,normal,2025-12-11T07:49:45.784400Z,2023-03-06
PNW,1d,2023-03-03T00:00:00,75.57,76.47,74.4,76.42,828800.0,normal,2025-12-11T07:49:45.784400Z,2023-03-03
PNW,1d,2023-03-02T00:00:00,73.11,75.29,72.56,75.27,1068400.0,normal,2025-12-11T07:49:45.784400Z,2023-03-02
PNW,1d,2023-03-01T00:00:00,73.2,73.51,72.28,73.29,1153200.0,normal,2025-12-11T07:49:45.784400Z,2023-03-01
PNW,1d,2023-02-28T00:00:00,73.65,75.44,73.13,73.68,1463000.0,normal,2025-12-11T07:49:45.784400Z,2023-02-28
PNW,1d,2023-02-27T00:00:00,73.64,75.12,73.27,74.11,1737430.0,normal,2025-12-11T07:49:45.784400Z,2023-02-27
PNW,1d,2023-02-24T00:00:00,72.78,73.58,72.45,73.38,1178224.0,normal,2025-12-11T07:49:45.784400Z,2023-02-24
PNW,1d,2023-02-23T00:00:00,73.3,74.0,73.17,73.38,715600.0,normal,2025-12-11T07:49:45.784400Z,2023-02-23
PNW,1d,2023-02-22T00:00:00,74.14,74.6,73.33,73.6,786800.0,normal,2025-12-11T07:49:45.784400Z,2023-02-22
PNW,1d,2023-02-21T00:00:00,74.58,74.97,74.01,74.14,566500.0,normal,2025-12-11T07:49:45.784400Z,2023-02-21
PNW,1d,2023-02-17T00:00:00,74.66,75.68,74.01,75.1,1304000.0,normal,2025-12-11T07:49:45.784400Z,2023-02-17
PNW,1d,2023-02-16T00:00:00,73.9,74.89,73.56,74.28,660734.0,normal,2025-12-11T07:49:45.784400Z,2023-02-16
PNW,1d,2023-02-15T00:00:00,73.83,74.76,73.35,74.65,576900.0,normal,2025-12-11T07:49:45.784400Z,2023-02-15
PNW,1d,2023-02-14T00:00:00,74.64,74.96,73.59,74.07,549038.0,normal,2025-12-11T07:49:45.784400Z,2023-02-14
PNW,1d,2023-02-13T00:00:00,74.09,74.7,73.83,74.65,473600.0,normal,2025-12-11T07:49:45.784400Z,2023-02-13
PNW,1d,2023-02-10T00:00:00,72.24,74.15,72.13,74.09,685100.0,normal,2025-12-11T07:49:45.784400Z,2023-02-10
PNW,1d,2023-02-09T00:00:00,73.18,73.58,71.67,72.12,883400.0,normal,2025-12-11T07:49:45.784400Z,2023-02-09
PNW,1d,2023-02-08T00:00:00,74.57,74.66,73.12,73.29,621100.0,normal,2025-12-11T07:49:45.784400Z,2023-02-08
PNW,1d,2023-02-07T00:00:00,75.2,75.2,73.69,74.97,768622.0,normal,2025-12-11T07:49:45.784400Z,2023-02-07
PNW,1d,2023-02-06T00:00:00,75.73,76.07,74.53,75.61,820100.0,normal,2025-12-11T07:49:45.784400Z,2023-02-06
PNW,1d,2023-02-03T00:00:00,77.46,77.46,74.69,75.88,1062112.0,normal,2025-12-11T07:49:45.784400Z,2023-02-03
PNW,1d,2023-02-02T00:00:00,76.59,78.23,76.28,77.74,1030842.0,normal,2025-12-11T07:49:45.784400Z,2023-02-02
PNW,1d,2023-02-01T00:00:00,74.21,76.83,73.94,76.53,1761703.0,normal,2025-12-11T07:49:45.784400Z,2023-02-01
PNW,1d,2023-01-31T00:00:00,73.5,74.57,72.73,74.55,1760312.0,normal,2025-12-11T07:49:45.784400Z,2023-01-31
PNW,1d,2023-01-30T00:00:00,73.89,74.62,73.72,74.01,934622.0,normal,2025-12-11T07:49:45.784400Z,2023-01-30
PNW,1d,2023-01-27T00:00:00,74.1,74.43,73.65,74.07,719600.0,normal,2025-12-11T07:49:45.784400Z,2023-01-27
PNW,1d,2023-01-26T00:00:00,73.51,74.07,73.15,74.02,766648.0,normal,2025-12-11T07:49:45.784400Z,2023-01-26
PNW,1d,2023-01-25T00:00:00,73.7,74.13,73.4,73.75,837200.0,normal,2025-12-11T07:49:45.784400Z,2023-01-25
PNW,1d,2023-01-24T00:00:00,73.76,74.36,72.82,74.06,746316.0,normal,2025-12-11T07:49:45.784400Z,2023-01-24
PNW,1d,2023-01-23T00:00:00,75.15,75.15,73.39,73.76,1044212.0,normal,2025-12-11T07:49:45.784400Z,2023-01-23
PNW,1d,2023-01-20T00:00:00,74.2,75.4,73.18,75.36,1078820.0,normal,2025-12-11T07:49:45.784400Z,2023-01-20
PNW,1d,2023-01-19T00:00:00,74.6,74.75,73.78,74.19,902300.0,normal,2025-12-11T07:49:45.784400Z,2023-01-19
PNW,1d,2023-01-18T00:00:00,75.12,75.29,74.01,74.39,988200.0,normal,2025-12-11T07:49:45.784400Z,2023-01-18
PNW,1d,2023-01-17T00:00:00,75.53,75.79,75.01,75.11,764600.0,normal,2025-12-11T07:49:45.784400Z,2023-01-17
PNW,1d,2023-01-13T00:00:00,75.78,75.94,74.96,75.37,651500.0,normal,2025-12-11T07:49:45.784400Z,2023-01-13
PNW,1d,2023-01-12T00:00:00,76.5,77.18,76.04,76.2,727110.0,normal,2025-12-11T07:49:45.784400Z,2023-01-12
PNW,1d,2023-01-11T00:00:00,75.65,76.5,75.47,76.46,720200.0,normal,2025-12-11T07:49:45.784400Z,2023-01-11
PNW,1d,2023-01-10T00:00:00,75.31,75.69,74.88,75.65,763300.0,normal,2025-12-11T07:49:45.784400Z,2023-01-10
PNW,1d,2023-01-09T00:00:00,75.24,76.48,75.24,75.55,656127.0,normal,2025-12-11T07:49:45.784400Z,2023-01-09
PNW,1d,2023-01-06T00:00:00,74.49,76.02,74.48,75.46,729810.0,normal,2025-12-11T07:49:45.784400Z,2023-01-06
PNW,1d,2023-01-05T00:00:00,74.88,75.1,73.31,73.65,994800.0,normal,2025-12-11T07:49:45.784400Z,2023-01-05
PNW,1d,2023-01-04T00:00:00,75.1,76.1,74.63,75.39,954218.0,normal,2025-12-11T07:49:45.784400Z,2023-01-04
PNW,1d,2023-01-03T00:00:00,76.25,76.41,73.38,74.63,1442535.0,normal,2025-12-11T07:49:45.784400Z,2023-01-03
PNW,1d,2022-12-30T00:00:00,77.21,77.36,75.57,76.04,571400.0,normal,2025-12-11T07:49:45.784400Z,2022-12-30
PNW,1d,2022-12-29T00:00:00,77.24,77.76,77.05,77.13,745138.0,normal,2025-12-11T07:49:45.784400Z,2022-12-29
PNW,1d,2022-12-28T00:00:00,77.84,78.1,76.78,76.81,808300.0,normal,2025-12-11T07:49:45.784400Z,2022-12-28
PNW,1d,2022-12-27T00:00:00,78.1,78.1,77.22,77.71,720900.0,normal,2025-12-11T07:49:45.784400Z,2022-12-27
PNW,1d,2022-12-23T00:00:00,76.88,77.97,76.8,77.93,416522.0,normal,2025-12-11T07:49:45.784400Z,2022-12-23
PNW,1d,2022-12-22T00:00:00,77.08,77.19,75.91,76.99,1280900.0,normal,2025-12-11T07:49:45.784400Z,2022-12-22
PNW,1d,2022-12-21T00:00:00,77.55,77.82,77.18,77.45,1447702.0,normal,2025-12-11T07:49:45.784400Z,2022-12-21
PNW,1d,2022-12-20T00:00:00,77.28,77.48,76.42,77.01,1499069.0,normal,2025-12-11T07:49:45.784400Z,2022-12-20
PNW,1d,2022-12-19T00:00:00,77.85,78.31,76.81,77.28,698100.0,normal,2025-12-11T07:49:45.784400Z,2022-12-19
PNW,1d,2022-12-16T00:00:00,77.91,78.1,76.62,77.9,1751000.0,normal,2025-12-11T07:49:45.784400Z,2022-12-16
PNW,1d,2022-12-15T00:00:00,79.16,79.25,78.02,78.62,1076600.0,normal,2025-12-11T07:49:45.784400Z,2022-12-15
PNW,1d,2022-12-14T00:00:00,79.48,80.6,78.92,79.45,677438.0,normal,2025-12-11T07:49:45.784400Z,2022-12-14
PNW,1d,2022-12-13T00:00:00,79.51,80.48,78.67,79.39,1262300.0,normal,2025-12-11T07:49:45.784400Z,2022-12-13
PNW,1d,2022-12-12T00:00:00,78.03,79.04,77.44,79.01,590400.0,normal,2025-12-11T07:49:45.784400Z,2022-12-12
PNW,1d,2022-12-09T00:00:00,77.38,78.17,77.31,77.5,700000.0,normal,2025-12-11T07:49:45.784400Z,2022-12-09
PNW,1d,2022-12-08T00:00:00,77.5,78.06,77.27,77.78,567500.0,normal,2025-12-11T07:49:45.784400Z,2022-12-08
PNW,1d,2022-12-07T00:00:00,77.84,78.35,77.61,77.62,734129.0,normal,2025-12-11T07:49:45.784400Z,2022-12-07
PNW,1d,2022-12-06T00:00:00,77.88,78.74,76.97,78.06,1948303.0,normal,2025-12-11T07:49:45.784400Z,2022-12-06
PNW,1d,2022-12-05T00:00:00,77.48,78.33,76.9,77.86,1090900.0,normal,2025-12-11T07:49:45.784400Z,2022-12-05
PNW,1d,2022-12-02T00:00:00,77.26,78.47,76.87,78.12,1602800.0,normal,2025-12-11T07:49:45.784400Z,2022-12-02
PNW,1d,2022-12-01T00:00:00,79.01,79.39,77.65,77.8,594133.0,normal,2025-12-11T07:49:45.784400Z,2022-12-01
PNW,1d,2022-11-30T00:00:00,75.95,78.35,75.78,78.32,844000.0,normal,2025-12-11T07:49:45.784400Z,2022-11-30
PNW,1d,2022-11-29T00:00:00,76.12,76.52,75.52,76.23,706635.0,normal,2025-12-11T07:49:45.784400Z,2022-11-29
PNW,1d,2022-11-28T00:00:00,76.06,76.76,75.7,76.59,582935.0,normal,2025-12-11T07:49:45.784400Z,2022-11-28
PNW,1d,2022-11-25T00:00:00,76.4,77.13,76.4,76.5,341900.0,normal,2025-12-11T07:49:45.784400Z,2022-11-25
PNW,1d,2022-11-23T00:00:00,76.23,76.58,75.46,76.39,737500.0,normal,2025-12-11T07:49:45.784400Z,2022-11-23
PNW,1d,2022-11-22T00:00:00,75.56,76.21,75.41,76.16,627321.0,normal,2025-12-11T07:49:45.784400Z,2022-11-22
PNW,1d,2022-11-21T00:00:00,73.95,75.36,73.82,75.21,722700.0,normal,2025-12-11T07:49:45.784400Z,2022-11-21
PNW,1d,2022-11-18T00:00:00,73.08,73.91,72.79,73.73,857800.0,normal,2025-12-11T07:49:45.784400Z,2022-11-18
PNW,1d,2022-11-17T00:00:00,72.57,72.7,71.61,72.31,670900.0,normal,2025-12-11T07:49:45.784400Z,2022-11-17
PNW,1d,2022-11-16T00:00:00,73.77,74.1,72.71,73.3,1056800.0,normal,2025-12-11T07:49:45.784400Z,2022-11-16
PNW,1d,2022-11-15T00:00:00,72.0,73.94,72.0,73.88,1230813.0,normal,2025-12-11T07:49:45.784400Z,2022-11-15
PNW,1d,2022-11-14T00:00:00,71.84,72.3,71.15,71.15,728400.0,normal,2025-12-11T07:49:45.784400Z,2022-11-14
PNW,1d,2022-11-11T00:00:00,72.6,72.6,71.05,71.64,572991.0,normal,2025-12-11T07:49:45.784400Z,2022-11-11
PNW,1d,2022-11-10T00:00:00,71.55,72.67,70.62,72.6,1019440.0,normal,2025-12-11T07:49:45.784400Z,2022-11-10
PNW,1d,2022-11-09T00:00:00,68.0,70.38,67.86,69.86,1779936.0,normal,2025-12-11T07:49:45.784400Z,2022-11-09
PNW,1d,2022-11-08T00:00:00,68.8,69.21,68.04,68.29,711148.0,normal,2025-12-11T07:49:45.784400Z,2022-11-08
PNW,1d,2022-11-07T00:00:00,69.52,69.52,67.24,68.42,846100.0,normal,2025-12-11T07:49:45.784400Z,2022-11-07
PNW,1d,2022-11-04T00:00:00,68.56,69.67,68.07,69.52,901704.0,normal,2025-12-11T07:49:45.784400Z,2022-11-04
PNW,1d,2022-11-03T00:00:00,67.74,69.86,66.73,68.52,1346700.0,normal,2025-12-11T07:49:45.784400Z,2022-11-03
PNW,1d,2022-11-02T00:00:00,67.39,68.96,67.2,67.29,1103800.0,normal,2025-12-11T07:49:45.784400Z,2022-11-02
PNW,1d,2022-11-01T00:00:00,67.49,68.19,66.85,67.81,796401.0,normal,2025-12-11T07:49:45.784400Z,2022-11-01
PNW,1d,2022-10-31T00:00:00,67.32,67.65,66.63,67.21,650110.0,normal,2025-12-11T07:49:45.784400Z,2022-10-31
PNW,1d,2022-10-28T00:00:00,66.81,68.44,66.66,68.3,516300.0,normal,2025-12-11T07:49:45.784400Z,2022-10-28
PNW,1d,2022-10-27T00:00:00,66.71,67.5,66.32,66.47,618000.0,normal,2025-12-11T07:49:45.784400Z,2022-10-27
PNW,1d,2022-10-26T00:00:00,66.25,66.72,65.51,66.04,932041.0,normal,2025-12-11T07:49:45.784400Z,2022-10-26
PNW,1d,2022-10-25T00:00:00,64.54,66.08,64.33,65.79,979000.0,normal,2025-12-11T07:49:45.784400Z,2022-10-25
PNW,1d,2022-10-24T00:00:00,64.72,65.4,64.15,64.61,612529.0,normal,2025-12-11T07:49:45.784400Z,2022-10-24
PNW,1d,2022-10-21T00:00:00,63.24,64.56,62.58,64.18,1083200.0,normal,2025-12-11T07:49:45.784400Z,2022-10-21
PNW,1d,2022-10-20T00:00:00,63.97,64.07,62.39,62.65,661707.0,normal,2025-12-11T07:49:45.784400Z,2022-10-20
PNW,1d,2022-10-19T00:00:00,63.53,64.25,63.11,64.05,680306.0,normal,2025-12-11T07:49:45.784400Z,2022-10-19
PNW,1d,2022-10-18T00:00:00,63.81,64.68,63.5,64.41,734400.0,normal,2025-12-11T07:49:45.784400Z,2022-10-18
PNW,1d,2022-10-17T00:00:00,62.59,63.73,62.41,62.61,631800.0,normal,2025-12-11T07:49:45.784400Z,2022-10-17
PNW,1d,2022-10-14T00:00:00,62.68,63.15,61.06,61.79,894106.0,normal,2025-12-11T07:49:45.784400Z,2022-10-14
PNW,1d,2022-10-13T00:00:00,59.07,62.32,59.03,62.06,1185100.0,normal,2025-12-11T07:49:45.784400Z,2022-10-13
PNW,1d,2022-10-12T00:00:00,61.34,61.47,59.52,59.76,1235340.0,normal,2025-12-11T07:49:45.784400Z,2022-10-12
PNW,1d,2022-10-11T00:00:00,60.89,62.13,60.7,61.53,1467025.0,normal,2025-12-11T07:49:45.784400Z,2022-10-11
PNW,1d,2022-10-10T00:00:00,61.08,61.83,61.08,61.19,804260.0,normal,2025-12-11T07:49:45.784400Z,2022-10-10
PNW,1d,2022-10-07T00:00:00,62.75,62.99,60.59,60.98,1033300.0,normal,2025-12-11T07:49:45.784400Z,2022-10-07
PNW,1d,2022-10-06T00:00:00,65.02,65.02,62.68,62.73,1261200.0,normal,2025-12-11T07:49:45.784400Z,2022-10-06
PNW,1d,2022-10-05T00:00:00,66.03,66.2,64.86,65.29,817281.0,normal,2025-12-11T07:49:45.784400Z,2022-10-05
PNW,1d,2022-10-04T00:00:00,66.22,67.58,66.02,67.0,790217.0,normal,2025-12-11T07:49:45.784400Z,2022-10-04
PNW,1d,2022-10-03T00:00:00,65.83,66.79,64.88,66.03,1112100.0,normal,2025-12-11T07:49:45.784400Z,2022-10-03
PNW,1d,2022-09-30T00:00:00,66.66,66.92,64.34,64.51,1264929.0,normal,2025-12-11T07:49:45.784400Z,2022-09-30
PNW,1d,2022-09-29T00:00:00,68.71,68.74,65.89,66.22,789148.0,normal,2025-12-11T07:49:45.784400Z,2022-09-29
PNW,1d,2022-09-28T00:00:00,69.14,69.44,68.3,68.98,827600.0,normal,2025-12-11T07:49:45.784400Z,2022-09-28
PNW,1d,2022-09-27T00:00:00,69.97,70.13,68.14,68.25,752000.0,normal,2025-12-11T07:49:45.784400Z,2022-09-27
PNW,1d,2022-09-26T00:00:00,71.09,71.27,68.98,69.67,740800.0,normal,2025-12-11T07:49:45.784400Z,2022-09-26
PNW,1d,2022-09-23T00:00:00,71.99,72.02,70.69,71.27,727849.0,normal,2025-12-11T07:49:45.784400Z,2022-09-23
PNW,1d,2022-09-22T00:00:00,72.5,73.37,72.23,72.7,524524.0,normal,2025-12-11T07:49:45.784400Z,2022-09-22
PNW,1d,2022-09-21T00:00:00,73.67,74.44,72.75,72.76,557307.0,normal,2025-12-11T07:49:45.784400Z,2022-09-21
PNW,1d,2022-09-20T00:00:00,74.27,74.4,73.0,73.31,593600.0,normal,2025-12-11T07:49:45.784400Z,2022-09-20
PNW,1d,2022-09-19T00:00:00,73.37,74.76,73.15,74.69,548123.0,normal,2025-12-11T07:49:45.784400Z,2022-09-19
PNW,1d,2022-09-16T00:00:00,73.71,74.17,73.33,73.63,1170300.0,normal,2025-12-11T07:49:45.784400Z,2022-09-16
PNW,1d,2022-09-15T00:00:00,75.44,75.48,73.63,73.82,1036719.0,normal,2025-12-11T07:49:45.784400Z,2022-09-15
PNW,1d,2022-09-14T00:00:00,75.15,75.86,75.0,75.42,795500.0,normal,2025-12-11T07:49:45.784400Z,2022-09-14
PNW,1d,2022-09-13T00:00:00,77.13,77.35,74.77,75.07,691300.0,normal,2025-12-11T07:49:45.784400Z,2022-09-13
PNW,1d,2022-09-12T00:00:00,77.02,78.4,76.72,77.75,604701.0,normal,2025-12-11T07:49:45.784400Z,2022-09-12
PNW,1d,2022-09-09T00:00:00,76.92,77.7,76.6,77.04,498800.0,normal,2025-12-11T07:49:45.784400Z,2022-09-09
PNW,1d,2022-09-08T00:00:00,76.65,77.27,76.31,76.65,529628.0,normal,2025-12-11T07:49:45.784400Z,2022-09-08
PNW,1d,2022-09-07T00:00:00,74.97,76.81,74.97,76.7,432800.0,normal,2025-12-11T07:49:45.784400Z,2022-09-07
PNW,1d,2022-09-06T00:00:00,75.1,75.9,74.38,74.53,611800.0,normal,2025-12-11T07:49:45.784400Z,2022-09-06
PNW,1d,2022-09-02T00:00:00,76.04,76.77,74.77,74.9,525828.0,normal,2025-12-11T07:49:45.784400Z,2022-09-02
PNW,1d,2022-09-01T00:00:00,75.51,76.38,75.08,75.94,653200.0,normal,2025-12-11T07:49:45.784400Z,2022-09-01
PNW,1d,2022-08-31T00:00:00,75.56,75.7,75.07,75.35,1109000.0,normal,2025-12-11T07:49:45.784400Z,2022-08-31
PNW,1d,2022-08-30T00:00:00,76.12,76.52,75.16,75.39,706811.0,normal,2025-12-11T07:49:45.784400Z,2022-08-30
PNW,1d,2022-08-29T00:00:00,75.73,76.58,75.23,76.14,381700.0,normal,2025-12-11T07:49:45.784400Z,2022-08-29
PNW,1d,2022-08-26T00:00:00,77.19,77.3,75.88,75.92,538400.0,normal,2025-12-11T07:49:45.784400Z,2022-08-26
PNW,1d,2022-08-25T00:00:00,76.22,77.06,75.75,77.05,411600.0,normal,2025-12-11T07:49:45.784400Z,2022-08-25
PNW,1d,2022-08-24T00:00:00,76.29,76.52,75.66,75.98,443408.0,normal,2025-12-11T07:49:45.784400Z,2022-08-24
PNW,1d,2022-08-23T00:00:00,77.01,77.02,75.91,76.25,459100.0,normal,2025-12-11T07:49:45.784400Z,2022-08-23
PNW,1d,2022-08-22T00:00:00,77.39,77.57,76.43,76.86,815600.0,normal,2025-12-11T07:49:45.784400Z,2022-08-22
PNW,1d,2022-08-19T00:00:00,77.65,78.36,77.41,77.96,2891500.0,normal,2025-12-11T07:49:45.784400Z,2022-08-19
PNW,1d,2022-08-18T00:00:00,77.98,78.29,77.41,77.87,486333.0,normal,2025-12-11T07:49:45.784400Z,2022-08-18
PNW,1d,2022-08-17T00:00:00,77.79,78.25,77.37,77.97,740400.0,normal,2025-12-11T07:49:45.784400Z,2022-08-17
PNW,1d,2022-08-16T00:00:00,77.82,78.49,77.61,78.25,601801.0,normal,2025-12-11T07:49:45.784400Z,2022-08-16
PNW,1d,2022-08-15T00:00:00,77.32,77.86,76.83,77.8,610703.0,normal,2025-12-11T07:49:45.784400Z,2022-08-15
PNW,1d,2022-08-12T00:00:00,76.01,77.34,76.01,77.32,643354.0,normal,2025-12-11T07:49:45.784400Z,2022-08-12
PNW,1d,2022-08-11T00:00:00,76.36,76.92,75.61,75.7,808647.0,normal,2025-12-11T07:49:45.784400Z,2022-08-11
PNW,1d,2022-08-10T00:00:00,76.57,76.57,76.01,76.45,684845.0,normal,2025-12-11T07:49:45.784400Z,2022-08-10
PNW,1d,2022-08-09T00:00:00,76.0,76.33,75.43,76.3,600000.0,normal,2025-12-11T07:49:45.784400Z,2022-08-09
PNW,1d,2022-08-08T00:00:00,76.09,76.2,75.0,75.57,575800.0,normal,2025-12-11T07:49:45.784400Z,2022-08-08
PNW,1d,2022-08-05T00:00:00,76.49,76.49,74.19,75.42,898800.0,normal,2025-12-11T07:49:45.784400Z,2022-08-05
PNW,1d,2022-08-04T00:00:00,75.33,77.24,75.01,76.57,1342949.0,normal,2025-12-11T07:49:45.784400Z,2022-08-04
PNW,1d,2022-08-03T00:00:00,74.3,75.6,73.32,75.27,1467300.0,normal,2025-12-11T07:49:45.784400Z,2022-08-03
PNW,1d,2022-08-02T00:00:00,74.11,74.72,73.46,73.77,1089433.0,normal,2025-12-11T07:49:45.784400Z,2022-08-02
PNW,1d,2022-08-01T00:00:00,73.63,74.15,73.02,73.81,889413.0,normal,2025-12-11T07:49:45.784400Z,2022-08-01
PNW,1d,2022-07-29T00:00:00,72.56,73.64,72.54,73.47,1556800.0,normal,2025-12-11T07:49:45.784400Z,2022-07-29
PNW,1d,2022-07-28T00:00:00,72.87,73.82,72.14,73.69,680215.0,normal,2025-12-11T07:49:45.784400Z,2022-07-28
PNW,1d,2022-07-27T00:00:00,72.06,72.33,71.37,72.07,495926.0,normal,2025-12-11T07:49:45.784400Z,2022-07-27
PNW,1d,2022-07-26T00:00:00,71.21,72.47,71.21,72.27,647000.0,normal,2025-12-11T07:49:45.784400Z,2022-07-26
PNW,1d,2022-07-25T00:00:00,70.06,71.47,69.85,71.43,627900.0,normal,2025-12-11T07:49:45.784400Z,2022-07-25
PNW,1d,2022-07-22T00:00:00,69.8,70.37,69.3,70.24,345100.0,normal,2025-12-11T07:49:45.784400Z,2022-07-22
PNW,1d,2022-07-21T00:00:00,69.57,69.66,68.92,69.39,656100.0,normal,2025-12-11T07:49:45.784400Z,2022-07-21
PNW,1d,2022-07-20T00:00:00,70.48,70.5,69.01,69.66,717649.0,normal,2025-12-11T07:49:45.784400Z,2022-07-20
PNW,1d,2022-07-19T00:00:00,70.28,70.6,69.75,70.21,720132.0,normal,2025-12-11T07:49:45.784400Z,2022-07-19
PNW,1d,2022-07-18T00:00:00,70.35,70.81,69.65,69.93,770456.0,normal,2025-12-11T07:49:45.784400Z,2022-07-18
PNW,1d,2022-07-15T00:00:00,70.95,71.01,69.39,70.74,803400.0,normal,2025-12-11T07:49:45.784400Z,2022-07-15
PNW,1d,2022-07-14T00:00:00,68.7,70.58,68.7,70.42,670328.0,normal,2025-12-11T07:49:45.784400Z,2022-07-14
PNW,1d,2022-07-13T00:00:00,70.13,70.75,69.58,69.95,882752.0,normal,2025-12-11T07:49:45.784400Z,2022-07-13
PNW,1d,2022-07-12T00:00:00,71.16,71.89,70.61,71.0,635600.0,normal,2025-12-11T07:49:45.784400Z,2022-07-12
PNW,1d,2022-07-11T00:00:00,70.8,71.58,70.36,71.47,607013.0,normal,2025-12-11T07:49:45.784400Z,2022-07-11
PNW,1d,2022-07-08T00:00:00,71.47,71.49,70.38,70.87,699830.0,normal,2025-12-11T07:49:45.784400Z,2022-07-08
PNW,1d,2022-07-07T00:00:00,72.12,72.41,70.96,71.32,578400.0,normal,2025-12-11T07:49:45.784400Z,2022-07-07
PNW,1d,2022-07-06T00:00:00,71.68,72.55,70.83,71.9,884100.0,normal,2025-12-11T07:49:45.784400Z,2022-07-06
PNW,1d,2022-07-05T00:00:00,74.06,74.58,70.13,71.66,930800.0,normal,2025-12-11T07:49:45.784400Z,2022-07-05
PNW,1d,2022-07-01T00:00:00,73.35,74.91,73.07,74.68,717700.0,normal,2025-12-11T07:49:45.784400Z,2022-07-01
PNW,1d,2022-06-30T00:00:00,71.53,73.58,71.51,73.12,710912.0,normal,2025-12-11T07:49:45.784400Z,2022-06-30
PNW,1d,2022-06-29T00:00:00,73.31,73.83,71.52,72.3,1220966.0,normal,2025-12-11T07:49:45.784400Z,2022-06-29
PNW,1d,2022-06-28T00:00:00,73.02,73.56,72.89,73.16,637949.0,normal,2025-12-11T07:49:45.784400Z,2022-06-28
PNW,1d,2022-06-27T00:00:00,71.76,72.79,71.46,72.79,440800.0,normal,2025-12-11T07:49:45.784400Z,2022-06-27
PNW,1d,2022-06-24T00:00:00,70.18,72.24,70.08,71.75,1063402.0,normal,2025-12-11T07:49:45.784400Z,2022-06-24
PNW,1d,2022-06-23T00:00:00,68.54,70.24,68.49,69.96,805741.0,normal,2025-12-11T07:49:45.784400Z,2022-06-23
PNW,1d,2022-06-22T00:00:00,67.05,68.82,67.05,68.31,763206.0,normal,2025-12-11T07:49:45.784400Z,2022-06-22
PNW,1d,2022-06-21T00:00:00,66.29,67.97,66.05,67.29,925500.0,normal,2025-12-11T07:49:45.784400Z,2022-06-21
PNW,1d,2022-06-17T00:00:00,67.66,68.1,65.13,65.92,1351540.0,normal,2025-12-11T07:49:45.784400Z,2022-06-17
PNW,1d,2022-06-16T00:00:00,67.61,68.27,67.07,67.48,1626908.0,normal,2025-12-11T07:49:45.784400Z,2022-06-16
PNW,1d,2022-06-15T00:00:00,68.55,69.66,67.18,68.36,1367200.0,normal,2025-12-11T07:49:45.784400Z,2022-06-15
PNW,1d,2022-06-14T00:00:00,70.85,71.0,67.18,68.19,812218.0,normal,2025-12-11T07:49:45.784400Z,2022-06-14
PNW,1d,2022-06-13T00:00:00,73.31,73.87,70.86,71.28,1181242.0,normal,2025-12-11T07:49:45.784400Z,2022-06-13
PNW,1d,2022-06-10T00:00:00,72.39,74.51,72.39,73.73,733700.0,normal,2025-12-11T07:49:45.784400Z,2022-06-10
PNW,1d,2022-06-09T00:00:00,74.69,75.46,73.29,73.41,708600.0,normal,2025-12-11T07:49:45.784400Z,2022-06-09
PNW,1d,2022-06-08T00:00:00,76.92,76.92,74.32,74.57,1167835.0,normal,2025-12-11T07:49:45.784400Z,2022-06-08
PNW,1d,2022-06-07T00:00:00,78.12,78.12,76.15,77.22,620242.0,normal,2025-12-11T07:49:45.784400Z,2022-06-07
PNW,1d,2022-06-06T00:00:00,77.71,78.21,77.35,78.1,329225.0,normal,2025-12-11T07:49:45.784400Z,2022-06-06
PNW,1d,2022-06-03T00:00:00,77.36,77.88,77.28,77.49,308613.0,normal,2025-12-11T07:49:45.784400Z,2022-06-03
PNW,1d,2022-06-02T00:00:00,77.81,77.81,75.86,77.58,453300.0,normal,2025-12-11T07:49:45.784400Z,2022-06-02
PNW,1d,2022-06-01T00:00:00,77.66,77.72,76.52,77.43,460902.0,normal,2025-12-11T07:49:45.784400Z,2022-06-01
PNW,1d,2022-05-31T00:00:00,77.88,78.31,77.1,77.65,743100.0,normal,2025-12-11T07:49:45.784400Z,2022-05-31
PNW,1d,2022-05-27T00:00:00,78.12,78.98,78.11,78.72,493931.0,normal,2025-12-11T07:49:45.784400Z,2022-05-27
PNW,1d,2022-05-26T00:00:00,78.18,79.01,77.95,78.32,444900.0,normal,2025-12-11T07:49:45.784400Z,2022-05-26
PNW,1d,2022-05-25T00:00:00,77.79,78.16,77.35,77.78,541300.0,normal,2025-12-11T07:49:45.784400Z,2022-05-25
PNW,1d,2022-05-24T00:00:00,75.52,77.7,74.44,77.58,664545.0,normal,2025-12-11T07:49:45.784400Z,2022-05-24
PNW,1d,2022-05-23T00:00:00,75.95,76.43,74.83,75.19,542254.0,normal,2025-12-11T07:49:45.784400Z,2022-05-23
PNW,1d,2022-05-20T00:00:00,75.54,75.87,73.72,75.31,560900.0,normal,2025-12-11T07:49:45.784400Z,2022-05-20
PNW,1d,2022-05-19T00:00:00,74.21,75.72,73.78,75.53,830146.0,normal,2025-12-11T07:49:45.784400Z,2022-05-19
PNW,1d,2022-05-18T00:00:00,74.77,75.6,74.25,74.54,473600.0,normal,2025-12-11T07:49:45.784400Z,2022-05-18
PNW,1d,2022-05-17T00:00:00,74.01,74.57,72.97,74.53,450500.0,normal,2025-12-11T07:49:45.784400Z,2022-05-17
PNW,1d,2022-05-16T00:00:00,73.47,74.02,72.58,73.73,583804.0,normal,2025-12-11T07:49:45.784400Z,2022-05-16
PNW,1d,2022-05-13T00:00:00,73.77,73.77,72.4,73.24,481319.0,normal,2025-12-11T07:49:45.784400Z,2022-05-13
PNW,1d,2022-05-12T00:00:00,73.8,73.8,72.16,73.38,824049.0,normal,2025-12-11T07:49:45.784400Z,2022-05-12
PNW,1d,2022-05-11T00:00:00,72.46,74.49,72.36,73.69,784700.0,normal,2025-12-11T07:49:45.784400Z,2022-05-11
PNW,1d,2022-05-10T00:00:00,74.43,75.13,71.79,72.62,665100.0,normal,2025-12-11T07:49:45.784400Z,2022-05-10
PNW,1d,2022-05-09T00:00:00,73.93,75.14,72.9,74.25,949800.0,normal,2025-12-11T07:49:45.784400Z,2022-05-09
PNW,1d,2022-05-06T00:00:00,72.91,74.38,72.47,74.12,1042900.0,normal,2025-12-11T07:49:45.784400Z,2022-05-06
PNW,1d,2022-05-05T00:00:00,73.64,74.1,72.09,72.8,1287400.0,normal,2025-12-11T07:49:45.784400Z,2022-05-05
PNW,1d,2022-05-04T00:00:00,73.14,74.52,72.72,74.22,1478869.0,normal,2025-12-11T07:49:45.784400Z,2022-05-04
PNW,1d,2022-05-03T00:00:00,71.73,73.04,71.42,72.22,831800.0,normal,2025-12-11T07:49:45.784400Z,2022-05-03
PNW,1d,2022-05-02T00:00:00,71.52,72.39,70.42,71.24,875223.0,normal,2025-12-11T07:49:45.784400Z,2022-05-02
PNW,1d,2022-04-29T00:00:00,73.81,73.84,71.07,71.2,853800.0,normal,2025-12-11T07:49:45.784400Z,2022-04-29
PNW,1d,2022-04-28T00:00:00,74.75,75.03,74.11,74.51,577740.0,normal,2025-12-11T07:49:45.784400Z,2022-04-28
PNW,1d,2022-04-27T00:00:00,75.35,75.78,73.9,74.41,659900.0,normal,2025-12-11T07:49:45.784400Z,2022-04-27
PNW,1d,2022-04-26T00:00:00,75.7,76.96,75.41,75.41,786200.0,normal,2025-12-11T07:49:45.784400Z,2022-04-26
PNW,1d,2022-04-25T00:00:00,77.76,78.0,75.63,76.78,615000.0,normal,2025-12-11T07:49:45.784400Z,2022-04-25
PNW,1d,2022-04-22T00:00:00,77.81,78.11,77.21,77.32,371500.0,normal,2025-12-11T07:49:45.784400Z,2022-04-22
PNW,1d,2022-04-21T00:00:00,77.72,78.75,77.24,77.9,441226.0,normal,2025-12-11T07:49:45.784400Z,2022-04-21
PNW,1d,2022-04-20T00:00:00,78.82,78.91,77.92,77.96,565145.0,normal,2025-12-11T07:49:45.784400Z,2022-04-20
PNW,1d,2022-04-19T00:00:00,76.88,78.0,76.86,77.82,653905.0,normal,2025-12-11T07:49:45.784400Z,2022-04-19
PNW,1d,2022-04-18T00:00:00,77.77,78.21,76.74,77.14,387600.0,normal,2025-12-11T07:49:45.784400Z,2022-04-18
PNW,1d,2022-04-14T00:00:00,77.43,78.07,77.27,77.54,484208.0,normal,2025-12-11T07:49:45.784400Z,2022-04-14
PNW,1d,2022-04-13T00:00:00,78.4,78.41,76.85,77.34,558747.0,normal,2025-12-11T07:49:45.784400Z,2022-04-13
PNW,1d,2022-04-12T00:00:00,78.06,78.88,77.43,78.23,849000.0,normal,2025-12-11T07:49:45.784400Z,2022-04-12
PNW,1d,2022-04-11T00:00:00,78.89,79.42,77.61,78.21,804815.0,normal,2025-12-11T07:49:45.784400Z,2022-04-11
PNW,1d,2022-04-08T00:00:00,79.3,79.82,78.74,78.84,845512.0,normal,2025-12-11T07:49:45.784400Z,2022-04-08
PNW,1d,2022-04-07T00:00:00,80.19,80.33,78.53,78.88,1021926.0,normal,2025-12-11T07:49:45.784400Z,2022-04-07
PNW,1d,2022-04-06T00:00:00,78.89,80.51,78.55,80.49,679600.0,normal,2025-12-11T07:49:45.784400Z,2022-04-06
PNW,1d,2022-04-05T00:00:00,78.89,79.75,78.24,78.5,584200.0,normal,2025-12-11T07:49:45.784400Z,2022-04-05
PNW,1d,2022-04-04T00:00:00,79.09,79.12,77.64,78.83,543300.0,normal,2025-12-11T07:49:45.784400Z,2022-04-04
PNW,1d,2022-04-01T00:00:00,77.94,79.35,77.67,79.32,590414.0,normal,2025-12-11T07:49:45.784400Z,2022-04-01
PNW,1d,2022-03-31T00:00:00,77.74,78.69,77.29,78.1,794316.0,normal,2025-12-11T07:49:45.784400Z,2022-03-31
PNW,1d,2022-03-30T00:00:00,77.5,77.74,77.1,77.69,884600.0,normal,2025-12-11T07:49:45.784400Z,2022-03-30
PNW,1d,2022-03-29T00:00:00,76.78,77.6,76.57,77.56,546100.0,normal,2025-12-11T07:49:45.784400Z,2022-03-29
PNW,1d,2022-03-28T00:00:00,76.0,76.83,75.89,76.72,771415.0,normal,2025-12-11T07:49:45.784400Z,2022-03-28
PNW,1d,2022-03-25T00:00:00,74.4,76.07,74.07,75.98,370300.0,normal,2025-12-11T07:49:45.784400Z,2022-03-25
PNW,1d,2022-03-24T00:00:00,73.72,74.29,73.5,73.94,311644.0,normal,2025-12-11T07:49:45.784400Z,2022-03-24
PNW,1d,2022-03-23T00:00:00,73.84,73.88,73.04,73.7,607926.0,normal,2025-12-11T07:49:45.784400Z,2022-03-23
PNW,1d,2022-03-22T00:00:00,74.67,74.67,72.85,73.42,563900.0,normal,2025-12-11T07:49:45.784400Z,2022-03-22
PNW,1d,2022-03-21T00:00:00,73.25,74.19,73.25,74.1,561400.0,normal,2025-12-11T07:49:45.784400Z,2022-03-21
PNW,1d,2022-03-18T00:00:00,73.95,74.68,72.76,72.97,2355600.0,normal,2025-12-11T07:49:45.784400Z,2022-03-18
PNW,1d,2022-03-17T00:00:00,73.66,74.84,73.36,74.32,787318.0,normal,2025-12-11T07:49:45.784400Z,2022-03-17
PNW,1d,2022-03-16T00:00:00,73.69,74.24,72.34,74.06,601621.0,normal,2025-12-11T07:49:45.784400Z,2022-03-16
PNW,1d,2022-03-15T00:00:00,73.9,74.0,73.12,73.77,569000.0,normal,2025-12-11T07:49:45.784400Z,2022-03-15
PNW,1d,2022-03-14T00:00:00,74.53,74.72,72.58,73.27,930200.0,normal,2025-12-11T07:49:45.784400Z,2022-03-14
PNW,1d,2022-03-11T00:00:00,73.54,74.95,73.52,73.76,773000.0,normal,2025-12-11T07:49:45.784400Z,2022-03-11
PNW,1d,2022-03-10T00:00:00,72.91,74.49,72.9,74.23,559500.0,normal,2025-12-11T07:49:45.784400Z,2022-03-10
PNW,1d,2022-03-09T00:00:00,74.24,74.4,73.08,73.25,655317.0,normal,2025-12-11T07:49:45.784400Z,2022-03-09
PNW,1d,2022-03-08T00:00:00,75.45,75.73,73.39,73.62,1020200.0,normal,2025-12-11T07:49:45.784400Z,2022-03-08
PNW,1d,2022-03-07T00:00:00,74.56,76.07,74.11,75.37,1573902.0,normal,2025-12-11T07:49:45.784400Z,2022-03-07
PNW,1d,2022-03-04T00:00:00,72.74,74.5,72.25,74.45,802900.0,normal,2025-12-11T07:49:45.784400Z,2022-03-04
PNW,1d,2022-03-03T00:00:00,70.81,73.23,70.71,73.2,974700.0,normal,2025-12-11T07:49:45.784400Z,2022-03-03
PNW,1d,2022-03-02T00:00:00,69.74,71.06,69.51,70.62,587129.0,normal,2025-12-11T07:49:45.784400Z,2022-03-02
PNW,1d,2022-03-01T00:00:00,70.74,70.74,68.85,69.82,1081400.0,normal,2025-12-11T07:49:45.784400Z,2022-03-01
PNW,1d,2022-02-28T00:00:00,71.42,71.72,69.58,70.83,1072906.0,normal,2025-12-11T07:49:45.784400Z,2022-02-28
PNW,1d,2022-02-25T00:00:00,69.7,72.3,68.6,71.99,1981743.0,normal,2025-12-11T07:49:45.784400Z,2022-02-25
PNW,1d,2022-02-24T00:00:00,67.43,67.9,66.15,67.38,1111829.0,normal,2025-12-11T07:49:45.784400Z,2022-02-24
PNW,1d,2022-02-23T00:00:00,68.73,69.34,67.89,67.96,787000.0,normal,2025-12-11T07:49:45.784400Z,2022-02-23
PNW,1d,2022-02-22T00:00:00,68.96,69.2,68.0,68.9,655900.0,normal,2025-12-11T07:49:45.784400Z,2022-02-22
PNW,1d,2022-02-18T00:00:00,68.49,69.46,68.3,68.92,1026323.0,normal,2025-12-11T07:49:45.784400Z,2022-02-18
PNW,1d,2022-02-17T00:00:00,68.24,68.8,67.63,68.76,506905.0,normal,2025-12-11T07:49:45.784400Z,2022-02-17
PNW,1d,2022-02-16T00:00:00,67.87,68.83,67.82,68.34,775723.0,normal,2025-12-11T07:49:45.784400Z,2022-02-16
PNW,1d,2022-02-15T00:00:00,68.78,69.26,67.55,67.85,592612.0,normal,2025-12-11T07:49:45.784400Z,2022-02-15
PNW,1d,2022-02-14T00:00:00,69.2,69.32,67.55,68.4,487733.0,normal,2025-12-11T07:49:45.784400Z,2022-02-14
PNW,1d,2022-02-11T00:00:00,69.05,69.86,68.78,68.95,588327.0,normal,2025-12-11T07:49:45.784400Z,2022-02-11
PNW,1d,2022-02-10T00:00:00,70.51,70.61,68.6,68.69,606437.0,normal,2025-12-11T07:49:45.784400Z,2022-02-10
PNW,1d,2022-02-09T00:00:00,70.64,71.17,70.48,70.91,483503.0,normal,2025-12-11T07:49:45.784400Z,2022-02-09
PNW,1d,2022-02-08T00:00:00,71.26,71.54,70.23,70.55,772600.0,normal,2025-12-11T07:49:45.784400Z,2022-02-08
PNW,1d,2022-02-07T00:00:00,70.38,71.0,69.82,70.66,776900.0,normal,2025-12-11T07:49:45.784400Z,2022-02-07
PNW,1d,2022-02-04T00:00:00,70.12,70.77,69.39,70.33,823800.0,normal,2025-12-11T07:49:45.784400Z,2022-02-04
PNW,1d,2022-02-03T00:00:00,70.41,70.83,69.97,70.62,844416.0,normal,2025-12-11T07:49:45.784400Z,2022-02-03
PNW,1d,2022-02-02T00:00:00,69.05,70.56,69.05,70.47,844200.0,normal,2025-12-11T07:49:45.784400Z,2022-02-02
PNW,1d,2022-02-01T00:00:00,69.2,69.48,68.53,69.24,768931.0,normal,2025-12-11T07:49:45.784400Z,2022-02-01
PNW,1d,2022-01-31T00:00:00,69.63,69.95,68.92,69.61,2052931.0,normal,2025-12-11T07:49:45.784400Z,2022-01-31
PNW,1d,2022-01-28T00:00:00,69.58,70.99,69.5,70.84,998000.0,normal,2025-12-11T07:49:45.784400Z,2022-01-28
PNW,1d,2022-01-27T00:00:00,70.03,70.85,69.42,69.91,861000.0,normal,2025-12-11T07:49:45.784400Z,2022-01-27
PNW,1d,2022-01-26T00:00:00,70.99,72.09,69.49,69.79,828400.0,normal,2025-12-11T07:49:45.784400Z,2022-01-26
PNW,1d,2022-01-25T00:00:00,70.08,71.47,69.98,70.99,876111.0,normal,2025-12-11T07:49:45.784400Z,2022-01-25
PNW,1d,2022-01-24T00:00:00,70.7,71.0,69.15,70.65,1303911.0,normal,2025-12-11T07:49:45.784400Z,2022-01-24
PNW,1d,2022-01-21T00:00:00,71.32,71.72,70.37,70.69,927600.0,normal,2025-12-11T07:49:45.784400Z,2022-01-21
PNW,1d,2022-01-20T00:00:00,71.29,71.95,70.82,70.99,875600.0,normal,2025-12-11T07:49:45.784400Z,2022-01-20
PNW,1d,2022-01-19T00:00:00,69.76,71.34,69.76,70.96,896819.0,normal,2025-12-11T07:49:45.784400Z,2022-01-19
PNW,1d,2022-01-18T00:00:00,72.1,72.35,69.67,69.82,1467708.0,normal,2025-12-11T07:49:45.784400Z,2022-01-18
PNW,1d,2022-01-14T00:00:00,71.42,72.54,71.1,72.27,998800.0,normal,2025-12-11T07:49:45.784400Z,2022-01-14
PNW,1d,2022-01-13T00:00:00,70.15,71.47,70.03,71.46,1113319.0,normal,2025-12-11T07:49:45.784400Z,2022-01-13
PNW,1d,2022-01-12T00:00:00,70.15,70.71,70.03,70.15,826638.0,normal,2025-12-11T07:49:45.784400Z,2022-01-12
PNW,1d,2022-01-11T00:00:00,70.86,71.23,69.66,70.29,920238.0,normal,2025-12-11T07:49:45.784400Z,2022-01-11
PNW,1d,2022-01-10T00:00:00,71.14,71.36,70.19,70.65,1061600.0,normal,2025-12-11T07:49:45.784400Z,2022-01-10
PNW,1d,2022-01-07T00:00:00,70.13,71.47,69.75,70.8,749735.0,normal,2025-12-11T07:49:45.784400Z,2022-01-07
PNW,1d,2022-01-06T00:00:00,70.29,70.7,69.76,70.12,668734.0,normal,2025-12-11T07:49:45.784400Z,2022-01-06
PNW,1d,2022-01-05T00:00:00,68.26,70.4,67.5,69.85,960500.0,normal,2025-12-11T07:49:45.784400Z,2022-01-05
PNW,1d,2022-01-04T00:00:00,69.79,70.5,69.62,69.65,820701.0,normal,2025-12-11T07:49:45.784400Z,2022-01-04
PNW,1d,2022-01-03T00:00:00,70.66,70.98,69.1,69.79,615300.0,normal,2025-12-11T07:49:45.784400Z,2022-01-03
PNW,1d,2021-12-31T00:00:00,70.72,71.3,70.32,70.59,600505.0,normal,2025-12-11T07:49:45.784400Z,2021-12-31
PNW,1d,2021-12-30T00:00:00,69.89,70.72,69.86,70.5,596862.0,normal,2025-12-11T07:49:45.784400Z,2021-12-30
PNW,1d,2021-12-29T00:00:00,69.76,70.08,69.58,69.87,569700.0,normal,2025-12-11T07:49:45.784400Z,2021-12-29
PNW,1d,2021-12-28T00:00:00,68.94,69.84,68.75,69.72,551440.0,normal,2025-12-11T07:49:45.784400Z,2021-12-28
PNW,1d,2021-12-27T00:00:00,68.89,69.17,68.47,68.89,861400.0,normal,2025-12-11T07:49:45.784400Z,2021-12-27
PNW,1d,2021-12-23T00:00:00,68.62,69.35,68.56,68.91,1058815.0,normal,2025-12-11T07:49:45.784400Z,2021-12-23
PNW,1d,2021-12-22T00:00:00,67.68,68.7,67.68,68.55,824500.0,normal,2025-12-11T07:49:45.784400Z,2021-12-22
PNW,1d,2021-12-21T00:00:00,67.99,68.64,66.78,67.68,911000.0,normal,2025-12-11T07:49:45.784400Z,2021-12-21
PNW,1d,2021-12-20T00:00:00,67.16,67.84,66.39,67.69,638931.0,normal,2025-12-11T07:49:45.784400Z,2021-12-20
PNW,1d,2021-12-17T00:00:00,68.27,68.5,67.44,67.8,2836207.0,normal,2025-12-11T07:49:45.784400Z,2021-12-17
PNW,1d,2021-12-16T00:00:00,67.6,68.66,67.56,68.3,935506.0,normal,2025-12-11T07:49:45.784400Z,2021-12-16
PNW,1d,2021-12-15T00:00:00,67.48,67.86,67.22,67.6,978042.0,normal,2025-12-11T07:49:45.784400Z,2021-12-15
PNW,1d,2021-12-14T00:00:00,67.24,68.33,67.0,67.27,1711023.0,normal,2025-12-11T07:49:45.784400Z,2021-12-14
PNW,1d,2021-12-13T00:00:00,66.24,67.48,66.13,66.99,823800.0,normal,2025-12-11T07:49:45.784400Z,2021-12-13
PNW,1d,2021-12-10T00:00:00,67.02,67.23,66.11,66.28,897200.0,normal,2025-12-11T07:49:45.784400Z,2021-12-10
PNW,1d,2021-12-09T00:00:00,66.51,67.05,65.88,66.72,1049900.0,normal,2025-12-11T07:49:45.784400Z,2021-12-09
PNW,1d,2021-12-08T00:00:00,66.48,67.28,66.42,66.66,628700.0,normal,2025-12-11T07:49:45.784400Z,2021-12-08
PNW,1d,2021-12-07T00:00:00,66.14,66.9,65.7,66.56,843100.0,normal,2025-12-11T07:49:45.784400Z,2021-12-07
PNW,1d,2021-12-06T00:00:00,66.87,67.58,66.24,66.43,886276.0,normal,2025-12-11T07:49:45.784400Z,2021-12-06
PNW,1d,2021-12-03T00:00:00,65.97,66.3,64.74,66.17,864596.0,normal,2025-12-11T07:49:45.784400Z,2021-12-03
PNW,1d,2021-12-02T00:00:00,64.49,66.1,64.28,65.55,1204224.0,normal,2025-12-11T07:49:45.784400Z,2021-12-02
PNW,1d,2021-12-01T00:00:00,65.73,65.73,64.03,64.06,1491300.0,normal,2025-12-11T07:49:45.784400Z,2021-12-01
PNW,1d,2021-11-30T00:00:00,65.7,66.04,64.37,65.05,7919700.0,normal,2025-12-11T07:49:45.784400Z,2021-11-30
PNW,1d,2021-11-29T00:00:00,65.66,66.49,65.11,66.29,1286000.0,normal,2025-12-11T07:49:45.784400Z,2021-11-29
PNW,1d,2021-11-26T00:00:00,65.96,66.28,65.01,65.26,875845.0,normal,2025-12-11T07:49:45.784400Z,2021-11-26
PNW,1d,2021-11-24T00:00:00,67.23,67.56,66.63,66.77,953000.0,normal,2025-12-11T07:49:45.784400Z,2021-11-24
PNW,1d,2021-11-23T00:00:00,68.39,68.73,66.92,67.11,1410717.0,normal,2025-12-11T07:49:45.784400Z,2021-11-23
PNW,1d,2021-11-22T00:00:00,66.79,68.08,66.44,67.89,1415000.0,normal,2025-12-11T07:49:45.784400Z,2021-11-22
PNW,1d,2021-11-19T00:00:00,66.06,67.18,65.75,66.96,1668946.0,normal,2025-12-11T07:49:45.784400Z,2021-11-19
PNW,1d,2021-11-18T00:00:00,66.28,66.35,65.12,65.86,1513619.0,normal,2025-12-11T07:49:45.784400Z,2021-11-18
PNW,1d,2021-11-17T00:00:00,66.0,66.53,65.78,66.27,990903.0,normal,2025-12-11T07:49:45.784400Z,2021-11-17
PNW,1d,2021-11-16T00:00:00,66.0,66.68,65.98,66.12,1897000.0,normal,2025-12-11T07:49:45.784400Z,2021-11-16
PNW,1d,2021-11-15T00:00:00,65.97,66.22,65.47,65.92,1342800.0,normal,2025-12-11T07:49:45.784400Z,2021-11-15
PNW,1d,2021-11-12T00:00:00,64.99,66.14,64.74,66.1,2070432.0,normal,2025-12-11T07:49:45.784400Z,2021-11-12
PNW,1d,2021-11-11T00:00:00,64.4,65.28,64.17,65.26,1528137.0,normal,2025-12-11T07:49:45.784400Z,2021-11-11
PNW,1d,2021-11-10T00:00:00,63.51,64.64,63.05,64.53,2021900.0,normal,2025-12-11T07:49:45.784400Z,2021-11-10
PNW,1d,2021-11-09T00:00:00,63.8,64.61,63.24,63.36,1266615.0,normal,2025-12-11T07:49:45.784400Z,2021-11-09
PNW,1d,2021-11-08T00:00:00,64.6,64.99,62.91,63.64,1511455.0,normal,2025-12-11T07:49:45.784400Z,2021-11-08
PNW,1d,2021-11-05T00:00:00,62.97,65.88,62.9,64.56,1137400.0,normal,2025-12-11T07:49:45.784400Z,2021-11-05
PNW,1d,2021-11-04T00:00:00,65.0,65.46,62.78,63.6,1427100.0,normal,2025-12-11T07:49:45.784400Z,2021-11-04
PNW,1d,2021-11-03T00:00:00,64.38,65.21,64.03,65.0,1237600.0,normal,2025-12-11T07:49:45.784400Z,2021-11-03
PNW,1d,2021-11-02T00:00:00,65.28,65.41,64.25,64.79,784021.0,normal,2025-12-11T07:49:45.784400Z,2021-11-02
PNW,1d,2021-11-01T00:00:00,64.54,65.69,64.26,65.0,1232500.0,normal,2025-12-11T07:49:45.784400Z,2021-11-01
PNW,1d,2021-10-29T00:00:00,66.25,66.72,64.44,64.49,2195484.0,normal,2025-12-11T07:49:45.784400Z,2021-10-29
PNW,1d,2021-10-28T00:00:00,66.88,67.27,65.53,66.38,1221476.0,normal,2025-12-11T07:49:45.784400Z,2021-10-28
PNW,1d,2021-10-27T00:00:00,68.0,68.29,67.13,67.29,1071048.0,normal,2025-12-11T07:49:45.784400Z,2021-10-27
PNW,1d,2021-10-26T00:00:00,67.08,68.65,66.69,67.62,2722926.0,normal,2025-12-11T07:49:45.784400Z,2021-10-26
PNW,1d,2021-10-25T00:00:00,67.02,67.57,66.51,67.07,1597500.0,normal,2025-12-11T07:49:45.784400Z,2021-10-25
PNW,1d,2021-10-22T00:00:00,67.38,67.38,66.6,67.0,867312.0,normal,2025-12-11T07:49:45.784400Z,2021-10-22
PNW,1d,2021-10-21T00:00:00,68.12,68.69,67.3,67.34,987524.0,normal,2025-12-11T07:49:45.784400Z,2021-10-21
PNW,1d,2021-10-20T00:00:00,67.37,68.64,67.37,68.36,1026100.0,normal,2025-12-11T07:49:45.784400Z,2021-10-20
PNW,1d,2021-10-19T00:00:00,67.35,67.76,66.67,67.23,1253300.0,normal,2025-12-11T07:49:45.784400Z,2021-10-19
PNW,1d,2021-10-18T00:00:00,67.67,67.71,66.0,67.01,1607727.0,normal,2025-12-11T07:49:45.784400Z,2021-10-18
PNW,1d,2021-10-15T00:00:00,67.98,68.41,67.64,68.02,2987100.0,normal,2025-12-11T07:49:45.784400Z,2021-10-15
PNW,1d,2021-10-14T00:00:00,66.66,67.84,66.25,67.53,1578400.0,normal,2025-12-11T07:49:45.784400Z,2021-10-14
PNW,1d,2021-10-13T00:00:00,66.4,66.7,65.2,66.49,1562552.0,normal,2025-12-11T07:49:45.784400Z,2021-10-13
PNW,1d,2021-10-12T00:00:00,67.5,67.78,66.48,66.76,2191252.0,normal,2025-12-11T07:49:45.784400Z,2021-10-12
PNW,1d,2021-10-11T00:00:00,66.88,67.51,66.5,67.51,2122300.0,normal,2025-12-11T07:49:45.784400Z,2021-10-11
PNW,1d,2021-10-08T00:00:00,67.87,68.51,65.94,66.58,2618840.0,normal,2025-12-11T07:49:45.784400Z,2021-10-08
PNW,1d,2021-10-07T00:00:00,70.08,71.29,68.08,68.19,4158037.0,normal,2025-12-11T07:49:45.784400Z,2021-10-07
PNW,1d,2021-10-06T00:00:00,72.46,74.25,72.07,74.18,686447.0,normal,2025-12-11T07:49:45.784400Z,2021-10-06
PNW,1d,2021-10-05T00:00:00,74.0,74.02,72.55,72.73,830407.0,normal,2025-12-11T07:49:45.784400Z,2021-10-05
PNW,1d,2021-10-04T00:00:00,72.23,74.4,72.23,73.97,733704.0,normal,2025-12-11T07:49:45.784400Z,2021-10-04
PNW,1d,2021-10-01T00:00:00,72.7,72.84,71.98,72.12,1066500.0,normal,2025-12-11T07:49:45.784400Z,2021-10-01
PNW,1d,2021-09-30T00:00:00,72.49,72.87,72.2,72.36,1559328.0,normal,2025-12-11T07:49:45.784400Z,2021-09-30
PNW,1d,2021-09-29T00:00:00,71.69,73.03,71.4,72.4,1078800.0,normal,2025-12-11T07:49:45.784400Z,2021-09-29
PNW,1d,2021-09-28T00:00:00,72.28,72.92,71.5,71.68,1159700.0,normal,2025-12-11T07:49:45.784400Z,2021-09-28
PNW,1d,2021-09-27T00:00:00,72.79,73.84,72.16,72.29,686913.0,normal,2025-12-11T07:49:45.784400Z,2021-09-27
PNW,1d,2021-09-24T00:00:00,72.64,73.41,72.52,72.55,750600.0,normal,2025-12-11T07:49:45.784400Z,2021-09-24
PNW,1d,2021-09-23T00:00:00,72.75,73.55,72.55,72.59,543500.0,normal,2025-12-11T07:49:45.784400Z,2021-09-23
PNW,1d,2021-09-22T00:00:00,73.77,73.77,72.78,72.95,569700.0,normal,2025-12-11T07:49:45.784400Z,2021-09-22
PNW,1d,2021-09-21T00:00:00,73.66,74.41,73.39,73.43,1369651.0,normal,2025-12-11T07:49:45.784400Z,2021-09-21
PNW,1d,2021-09-20T00:00:00,73.57,74.2,72.94,73.64,1056846.0,normal,2025-12-11T07:49:45.784400Z,2021-09-20
PNW,1d,2021-09-17T00:00:00,73.18,74.66,73.18,73.82,2268100.0,normal,2025-12-11T07:49:45.784400Z,2021-09-17
PNW,1d,2021-09-16T00:00:00,73.81,74.05,73.12,73.35,1046922.0,normal,2025-12-11T07:49:45.784400Z,2021-09-16
PNW,1d,2021-09-15T00:00:00,73.83,74.46,73.2,73.93,1488800.0,normal,2025-12-11T07:49:45.784400Z,2021-09-15
PNW,1d,2021-09-14T00:00:00,75.1,75.68,73.0,74.0,2130900.0,normal,2025-12-11T07:49:45.784400Z,2021-09-14
PNW,1d,2021-09-13T00:00:00,75.05,75.59,74.68,75.1,999747.0,normal,2025-12-11T07:49:45.784400Z,2021-09-13
PNW,1d,2021-09-10T00:00:00,75.5,75.59,74.5,74.55,783300.0,normal,2025-12-11T07:49:45.784400Z,2021-09-10
PNW,1d,2021-09-09T00:00:00,76.06,76.27,75.49,75.54,703600.0,normal,2025-12-11T07:49:45.784400Z,2021-09-09
PNW,1d,2021-09-08T00:00:00,75.57,76.62,75.3,76.34,1043800.0,normal,2025-12-11T07:49:45.784400Z,2021-09-08
PNW,1d,2021-09-07T00:00:00,77.14,77.15,75.72,75.78,502700.0,normal,2025-12-11T07:49:45.784400Z,2021-09-07
PNW,1d,2021-09-03T00:00:00,78.04,78.13,77.11,77.18,525717.0,normal,2025-12-11T07:49:45.784400Z,2021-09-03
PNW,1d,2021-09-02T00:00:00,77.89,78.36,77.61,78.26,452541.0,normal,2025-12-11T07:49:45.784400Z,2021-09-02
PNW,1d,2021-09-01T00:00:00,77.3,78.21,77.07,77.78,622700.0,normal,2025-12-11T07:49:45.784400Z,2021-09-01
PNW,1d,2021-08-31T00:00:00,76.41,77.38,75.74,76.9,710136.0,normal,2025-12-11T07:49:45.784400Z,2021-08-31
PNW,1d,2021-08-30T00:00:00,77.18,77.28,76.43,76.49,488800.0,normal,2025-12-11T07:49:45.784400Z,2021-08-30
PNW,1d,2021-08-27T00:00:00,77.32,77.97,77.05,77.31,714832.0,normal,2025-12-11T07:49:45.784400Z,2021-08-27
PNW,1d,2021-08-26T00:00:00,77.72,77.91,76.5,76.71,574422.0,normal,2025-12-11T07:49:45.784400Z,2021-08-26
PNW,1d,2021-08-25T00:00:00,77.64,78.23,76.99,77.79,592795.0,normal,2025-12-11T07:49:45.784400Z,2021-08-25
PNW,1d,2021-08-24T00:00:00,78.81,78.81,77.73,77.76,828100.0,normal,2025-12-11T07:49:45.784400Z,2021-08-24
PNW,1d,2021-08-23T00:00:00,80.46,80.46,78.8,78.91,829705.0,normal,2025-12-11T07:49:45.784400Z,2021-08-23
PNW,1d,2021-08-20T00:00:00,79.15,80.49,78.58,80.16,2482600.0,normal,2025-12-11T07:49:45.784400Z,2021-08-20
PNW,1d,2021-08-19T00:00:00,80.2,81.25,79.95,80.08,858715.0,normal,2025-12-11T07:49:45.784400Z,2021-08-19
PNW,1d,2021-08-18T00:00:00,80.15,80.26,79.13,80.19,646215.0,normal,2025-12-11T07:49:45.784400Z,2021-08-18
PNW,1d,2021-08-17T00:00:00,80.03,80.43,79.34,80.15,1019626.0,normal,2025-12-11T07:49:45.784400Z,2021-08-17
PNW,1d,2021-08-16T00:00:00,79.76,80.95,79.68,80.14,930700.0,normal,2025-12-11T07:49:45.784400Z,2021-08-16
PNW,1d,2021-08-13T00:00:00,79.99,80.17,79.51,79.78,530020.0,normal,2025-12-11T07:49:45.784400Z,2021-08-13
PNW,1d,2021-08-12T00:00:00,80.41,80.61,79.61,79.67,950500.0,normal,2025-12-11T07:49:45.784400Z,2021-08-12
PNW,1d,2021-08-11T00:00:00,80.69,80.99,80.17,80.4,737600.0,normal,2025-12-11T07:49:45.784400Z,2021-08-11
PNW,1d,2021-08-10T00:00:00,80.39,81.22,79.68,80.33,550400.0,normal,2025-12-11T07:49:45.784400Z,2021-08-10
PNW,1d,2021-08-09T00:00:00,80.3,80.42,79.62,80.32,928104.0,normal,2025-12-11T07:49:45.784400Z,2021-08-09
PNW,1d,2021-08-06T00:00:00,79.37,81.02,79.24,80.34,749200.0,normal,2025-12-11T07:49:45.784400Z,2021-08-06
PNW,1d,2021-08-05T00:00:00,80.39,80.39,76.73,79.46,918439.0,normal,2025-12-11T07:49:45.784400Z,2021-08-05
PNW,1d,2021-08-04T00:00:00,78.81,79.7,77.07,78.19,1820200.0,normal,2025-12-11T07:49:45.784400Z,2021-08-04
PNW,1d,2021-08-03T00:00:00,82.59,82.64,80.11,80.98,1948041.0,normal,2025-12-11T07:49:45.784400Z,2021-08-03
PNW,1d,2021-08-02T00:00:00,83.7,84.91,82.89,83.16,1192235.0,normal,2025-12-11T07:49:45.784400Z,2021-08-02
PNW,1d,2021-07-30T00:00:00,84.5,85.34,83.31,83.55,757800.0,normal,2025-12-11T07:49:45.784400Z,2021-07-30
PNW,1d,2021-07-29T00:00:00,85.48,85.87,85.04,85.4,418700.0,normal,2025-12-11T07:49:45.784400Z,2021-07-29
PNW,1d,2021-07-28T00:00:00,86.23,86.42,84.5,85.32,533600.0,normal,2025-12-11T07:49:45.784400Z,2021-07-28
PNW,1d,2021-07-27T00:00:00,84.89,86.73,84.47,86.36,433500.0,normal,2025-12-11T07:49:45.784400Z,2021-07-27
PNW,1d,2021-07-26T00:00:00,84.54,85.01,84.31,84.89,410949.0,normal,2025-12-11T07:49:45.784400Z,2021-07-26
PNW,1d,2021-07-23T00:00:00,83.88,84.71,83.52,84.55,384600.0,normal,2025-12-11T07:49:45.784400Z,2021-07-23
PNW,1d,2021-07-22T00:00:00,83.42,83.76,82.77,83.18,804113.0,normal,2025-12-11T07:49:45.784400Z,2021-07-22
PNW,1d,2021-07-21T00:00:00,85.33,85.47,83.55,83.64,489010.0,normal,2025-12-11T07:49:45.784400Z,2021-07-21
PNW,1d,2021-07-20T00:00:00,84.61,86.03,84.37,84.87,718407.0,normal,2025-12-11T07:49:45.784400Z,2021-07-20
PNW,1d,2021-07-19T00:00:00,86.02,86.56,83.41,84.31,704600.0,normal,2025-12-11T07:49:45.784400Z,2021-07-19
PNW,1d,2021-07-16T00:00:00,84.77,86.87,84.55,86.39,799584.0,normal,2025-12-11T07:49:45.784400Z,2021-07-16
PNW,1d,2021-07-15T00:00:00,83.69,84.63,83.69,84.5,656800.0,normal,2025-12-11T07:49:45.784400Z,2021-07-15
PNW,1d,2021-07-14T00:00:00,82.94,84.45,82.86,84.14,662600.0,normal,2025-12-11T07:49:45.784400Z,2021-07-14
PNW,1d,2021-07-13T00:00:00,83.81,84.0,82.78,83.1,348503.0,normal,2025-12-11T07:49:45.784400Z,2021-07-13
PNW,1d,2021-07-12T00:00:00,83.19,84.0,82.85,83.78,390792.0,normal,2025-12-11T07:49:45.784400Z,2021-07-12
PNW,1d,2021-07-09T00:00:00,83.38,83.97,82.93,83.65,560700.0,normal,2025-12-11T07:49:45.784400Z,2021-07-09
PNW,1d,2021-07-08T00:00:00,83.22,83.95,82.82,83.06,585700.0,normal,2025-12-11T07:49:45.784400Z,2021-07-08
PNW,1d,2021-07-07T00:00:00,83.53,83.83,82.98,83.56,441930.0,normal,2025-12-11T07:49:45.784400Z,2021-07-07
PNW,1d,2021-07-06T00:00:00,82.6,83.54,81.56,83.47,498631.0,normal,2025-12-11T07:49:45.784400Z,2021-07-06
PNW,1d,2021-07-02T00:00:00,83.16,83.16,82.45,82.9,442648.0,normal,2025-12-11T07:49:45.784400Z,2021-07-02
PNW,1d,2021-07-01T00:00:00,82.05,83.51,81.8,83.08,750500.0,normal,2025-12-11T07:49:45.784400Z,2021-07-01
PNW,1d,2021-06-30T00:00:00,81.41,82.17,81.25,81.97,568300.0,normal,2025-12-11T07:49:45.784400Z,2021-06-30
PNW,1d,2021-06-29T00:00:00,82.65,83.2,81.19,81.41,637900.0,normal,2025-12-11T07:49:45.784400Z,2021-06-29
PNW,1d,2021-06-28T00:00:00,82.8,83.37,82.44,82.73,478704.0,normal,2025-12-11T07:49:45.784400Z,2021-06-28
PNW,1d,2021-06-25T00:00:00,81.42,82.73,81.42,82.63,642443.0,normal,2025-12-11T07:49:45.784400Z,2021-06-25
PNW,1d,2021-06-24T00:00:00,81.21,81.7,80.62,81.51,575334.0,normal,2025-12-11T07:49:45.784400Z,2021-06-24
PNW,1d,2021-06-23T00:00:00,82.21,82.29,81.12,81.14,1076138.0,normal,2025-12-11T07:49:45.784400Z,2021-06-23
PNW,1d,2021-06-22T00:00:00,82.65,83.51,82.26,82.26,1436344.0,normal,2025-12-11T07:49:45.784400Z,2021-06-22
PNW,1d,2021-06-21T00:00:00,81.49,83.27,81.49,82.63,1293630.0,normal,2025-12-11T07:49:45.784400Z,2021-06-21
PNW,1d,2021-06-18T00:00:00,83.9,84.05,80.68,81.05,2583905.0,normal,2025-12-11T07:49:45.784400Z,2021-06-18
PNW,1d,2021-06-17T00:00:00,85.63,86.16,84.46,84.59,1958611.0,normal,2025-12-11T07:49:45.784400Z,2021-06-17
PNW,1d,2021-06-16T00:00:00,88.05,88.11,85.91,85.99,1058500.0,normal,2025-12-11T07:49:45.784400Z,2021-06-16
PNW,1d,2021-06-15T00:00:00,88.34,88.34,87.22,87.88,837100.0,normal,2025-12-11T07:49:45.784400Z,2021-06-15
PNW,1d,2021-06-14T00:00:00,87.73,88.26,87.29,88.08,556246.0,normal,2025-12-11T07:49:45.784400Z,2021-06-14
PNW,1d,2021-06-11T00:00:00,87.89,88.32,87.43,87.68,624445.0,normal,2025-12-11T07:49:45.784400Z,2021-06-11
PNW,1d,2021-06-10T00:00:00,87.6,88.34,87.21,88.12,417315.0,normal,2025-12-11T07:49:45.784400Z,2021-06-10
PNW,1d,2021-06-09T00:00:00,87.24,87.54,86.77,87.16,701900.0,normal,2025-12-11T07:49:45.784400Z,2021-06-09
PNW,1d,2021-06-08T00:00:00,87.09,87.12,86.32,86.86,543300.0,normal,2025-12-11T07:49:45.784400Z,2021-06-08
PNW,1d,2021-06-07T00:00:00,87.2,87.5,86.75,86.99,374138.0,normal,2025-12-11T07:49:45.784400Z,2021-06-07
PNW,1d,2021-06-04T00:00:00,87.13,87.27,86.75,87.03,526102.0,normal,2025-12-11T07:49:45.784400Z,2021-06-04
PNW,1d,2021-06-03T00:00:00,85.21,87.1,85.06,86.97,618531.0,normal,2025-12-11T07:49:45.784400Z,2021-06-03
PNW,1d,2021-06-02T00:00:00,84.71,85.72,84.12,85.64,657700.0,normal,2025-12-11T07:49:45.784400Z,2021-06-02
PNW,1d,2021-06-01T00:00:00,84.69,84.98,84.14,84.45,634700.0,normal,2025-12-11T07:49:45.784400Z,2021-06-01
PNW,1d,2021-05-28T00:00:00,84.59,85.23,84.28,84.58,755601.0,normal,2025-12-11T07:49:45.784400Z,2021-05-28
PNW,1d,2021-05-27T00:00:00,86.76,86.76,83.94,84.22,1725048.0,normal,2025-12-11T07:49:45.784400Z,2021-05-27
PNW,1d,2021-05-26T00:00:00,86.01,86.46,85.5,86.41,697612.0,normal,2025-12-11T07:49:45.784400Z,2021-05-26
PNW,1d,2021-05-25T00:00:00,86.68,86.96,85.63,86.08,1004426.0,normal,2025-12-11T07:49:45.784400Z,2021-05-25
PNW,1d,2021-05-24T00:00:00,86.3,86.59,85.61,86.49,577543.0,normal,2025-12-11T07:49:45.784400Z,2021-05-24
PNW,1d,2021-05-21T00:00:00,85.51,86.15,85.16,85.98,1925700.0,normal,2025-12-11T07:49:45.784400Z,2021-05-21
PNW,1d,2021-05-20T00:00:00,85.55,86.74,85.3,85.37,777800.0,normal,2025-12-11T07:49:45.784400Z,2021-05-20
PNW,1d,2021-05-19T00:00:00,85.22,85.45,84.29,85.43,620900.0,normal,2025-12-11T07:49:45.784400Z,2021-05-19
PNW,1d,2021-05-18T00:00:00,85.0,85.92,84.82,85.54,1441100.0,normal,2025-12-11T07:49:45.784400Z,2021-05-18
PNW,1d,2021-05-17T00:00:00,86.06,86.81,85.29,85.44,713620.0,normal,2025-12-11T07:49:45.784400Z,2021-05-17
PNW,1d,2021-05-14T00:00:00,85.5,86.54,85.5,86.06,456235.0,normal,2025-12-11T07:49:45.784400Z,2021-05-14
PNW,1d,2021-05-13T00:00:00,83.43,86.22,83.43,85.45,929589.0,normal,2025-12-11T07:49:45.784400Z,2021-05-13
PNW,1d,2021-05-12T00:00:00,86.87,87.0,83.54,83.65,1275700.0,normal,2025-12-11T07:49:45.784400Z,2021-05-12
PNW,1d,2021-05-11T00:00:00,87.92,88.01,85.65,86.83,3349619.0,normal,2025-12-11T07:49:45.784400Z,2021-05-11
PNW,1d,2021-05-10T00:00:00,86.76,88.54,86.23,87.76,1429249.0,normal,2025-12-11T07:49:45.784400Z,2021-05-10
PNW,1d,2021-05-07T00:00:00,85.2,86.87,85.2,86.12,1042400.0,normal,2025-12-11T07:49:45.784400Z,2021-05-07
PNW,1d,2021-05-06T00:00:00,84.82,86.36,84.02,85.61,759131.0,normal,2025-12-11T07:49:45.784400Z,2021-05-06
PNW,1d,2021-05-05T00:00:00,84.73,84.73,82.5,84.5,1565900.0,normal,2025-12-11T07:49:45.784400Z,2021-05-05
PNW,1d,2021-05-04T00:00:00,84.54,85.13,83.84,84.63,992702.0,normal,2025-12-11T07:49:45.784400Z,2021-05-04
PNW,1d,2021-05-03T00:00:00,84.63,85.04,83.49,84.53,1126121.0,normal,2025-12-11T07:49:45.784400Z,2021-05-03
PNW,1d,2021-04-30T00:00:00,82.97,84.72,82.79,84.65,1348600.0,normal,2025-12-11T07:49:45.784400Z,2021-04-30
PNW,1d,2021-04-29T00:00:00,81.75,83.78,81.73,83.57,991300.0,normal,2025-12-11T07:49:45.784400Z,2021-04-29
PNW,1d,2021-04-28T00:00:00,82.29,82.53,81.1,81.63,649700.0,normal,2025-12-11T07:49:45.784400Z,2021-04-28
PNW,1d,2021-04-27T00:00:00,83.01,83.5,81.86,82.11,625333.0,normal,2025-12-11T07:49:45.784400Z,2021-04-27
PNW,1d,2021-04-26T00:00:00,83.99,84.06,83.1,83.33,610107.0,normal,2025-12-11T07:49:45.784400Z,2021-04-26
PNW,1d,2021-04-23T00:00:00,84.85,84.97,83.7,83.81,505541.0,normal,2025-12-11T07:49:45.784400Z,2021-04-23
PNW,1d,2021-04-22T00:00:00,85.17,85.2,84.35,84.46,444317.0,normal,2025-12-11T07:49:45.784400Z,2021-04-22
PNW,1d,2021-04-21T00:00:00,86.27,86.8,84.63,85.16,686300.0,normal,2025-12-11T07:49:45.784400Z,2021-04-21
PNW,1d,2021-04-20T00:00:00,84.25,86.2,84.22,85.97,626400.0,normal,2025-12-11T07:49:45.784400Z,2021-04-20
PNW,1d,2021-04-19T00:00:00,85.4,85.53,83.9,84.24,864021.0,normal,2025-12-11T07:49:45.784400Z,2021-04-19
PNW,1d,2021-04-16T00:00:00,84.72,85.44,84.49,84.9,600900.0,normal,2025-12-11T07:49:45.784400Z,2021-04-16
PNW,1d,2021-04-15T00:00:00,83.52,84.55,83.39,84.47,458600.0,normal,2025-12-11T07:49:45.784400Z,2021-04-15
PNW,1d,2021-04-14T00:00:00,82.65,83.55,82.62,83.52,426837.0,normal,2025-12-11T07:49:45.784400Z,2021-04-14
PNW,1d,2021-04-13T00:00:00,82.0,83.34,81.99,83.05,580700.0,normal,2025-12-11T07:49:45.784400Z,2021-04-13
PNW,1d,2021-04-12T00:00:00,81.95,82.78,81.7,82.55,556201.0,normal,2025-12-11T07:49:45.784400Z,2021-04-12
PNW,1d,2021-04-09T00:00:00,82.23,82.58,81.52,81.77,562000.0,normal,2025-12-11T07:49:45.784400Z,2021-04-09
PNW,1d,2021-04-08T00:00:00,82.07,82.54,81.73,81.82,905300.0,normal,2025-12-11T07:49:45.784400Z,2021-04-08
PNW,1d,2021-04-07T00:00:00,83.5,83.79,82.04,82.26,735600.0,normal,2025-12-11T07:49:45.784400Z,2021-04-07
PNW,1d,2021-04-06T00:00:00,82.75,83.4,82.15,83.33,508200.0,normal,2025-12-11T07:49:45.784400Z,2021-04-06
PNW,1d,2021-04-05T00:00:00,81.85,83.05,81.8,83.05,533032.0,normal,2025-12-11T07:49:45.784400Z,2021-04-05
PNW,1d,2021-04-01T00:00:00,81.24,81.83,80.61,81.81,697107.0,normal,2025-12-11T07:49:45.784400Z,2021-04-01
PNW,1d,2021-03-31T00:00:00,80.71,81.5,80.4,81.35,716400.0,normal,2025-12-11T07:49:45.784400Z,2021-03-31
PNW,1d,2021-03-30T00:00:00,81.04,81.12,79.58,80.72,657926.0,normal,2025-12-11T07:49:45.784400Z,2021-03-30
PNW,1d,2021-03-29T00:00:00,80.12,81.9,80.04,81.43,676237.0,normal,2025-12-11T07:49:45.784400Z,2021-03-29
PNW,1d,2021-03-26T00:00:00,80.26,80.63,79.51,80.22,490543.0,normal,2025-12-11T07:49:45.784400Z,2021-03-26
PNW,1d,2021-03-25T00:00:00,80.05,80.6,78.86,80.27,954204.0,normal,2025-12-11T07:49:45.784400Z,2021-03-25
PNW,1d,2021-03-24T00:00:00,79.81,80.38,79.41,79.6,799602.0,normal,2025-12-11T07:49:45.784400Z,2021-03-24
PNW,1d,2021-03-23T00:00:00,79.94,80.83,79.29,79.9,634900.0,normal,2025-12-11T07:49:45.784400Z,2021-03-23
PNW,1d,2021-03-22T00:00:00,80.16,80.65,79.18,79.73,764600.0,normal,2025-12-11T07:49:45.784400Z,2021-03-22
PNW,1d,2021-03-19T00:00:00,79.8,81.34,78.67,80.79,1771700.0,normal,2025-12-11T07:49:45.784400Z,2021-03-19
PNW,1d,2021-03-18T00:00:00,79.15,79.69,78.24,79.58,1278410.0,normal,2025-12-11T07:49:45.784400Z,2021-03-18
PNW,1d,2021-03-17T00:00:00,79.9,80.53,79.08,79.2,681807.0,normal,2025-12-11T07:49:45.784400Z,2021-03-17
PNW,1d,2021-03-16T00:00:00,78.65,79.69,78.65,79.58,712400.0,normal,2025-12-11T07:49:45.784400Z,2021-03-16
PNW,1d,2021-03-15T00:00:00,78.53,80.42,78.35,80.41,858231.0,normal,2025-12-11T07:49:45.784400Z,2021-03-15
PNW,1d,2021-03-12T00:00:00,77.3,78.54,76.76,78.33,721827.0,normal,2025-12-11T07:49:45.784400Z,2021-03-12
PNW,1d,2021-03-11T00:00:00,78.06,78.6,76.77,76.78,732832.0,normal,2025-12-11T07:49:45.784400Z,2021-03-11
PNW,1d,2021-03-10T00:00:00,77.37,78.65,76.9,78.46,855000.0,normal,2025-12-11T07:49:45.784400Z,2021-03-10
PNW,1d,2021-03-09T00:00:00,78.4,78.84,77.12,77.58,873500.0,normal,2025-12-11T07:49:45.784400Z,2021-03-09
PNW,1d,2021-03-08T00:00:00,77.0,78.87,76.3,78.25,1293112.0,normal,2025-12-11T07:49:45.784400Z,2021-03-08
PNW,1d,2021-03-05T00:00:00,74.88,76.69,74.84,76.3,1022300.0,normal,2025-12-11T07:49:45.784400Z,2021-03-05
PNW,1d,2021-03-04T00:00:00,73.36,75.53,72.95,74.65,1106500.0,normal,2025-12-11T07:49:45.784400Z,2021-03-04
PNW,1d,2021-03-03T00:00:00,73.59,73.62,72.07,72.99,770859.0,normal,2025-12-11T07:49:45.784400Z,2021-03-03
PNW,1d,2021-03-02T00:00:00,72.31,74.37,72.05,73.72,954538.0,normal,2025-12-11T07:49:45.784400Z,2021-03-02
PNW,1d,2021-03-01T00:00:00,71.48,73.5,70.86,72.3,1436685.0,normal,2025-12-11T07:49:45.784400Z,2021-03-01
PNW,1d,2021-02-26T00:00:00,72.98,73.7,69.89,69.93,1309384.0,normal,2025-12-11T07:49:45.784400Z,2021-02-26
PNW,1d,2021-02-25T00:00:00,72.5,73.76,72.1,73.04,1290200.0,normal,2025-12-11T07:49:45.784400Z,2021-02-25
PNW,1d,2021-02-24T00:00:00,75.25,75.42,72.53,73.06,1779578.0,normal,2025-12-11T07:49:45.784400Z,2021-02-24
PNW,1d,2021-02-23T00:00:00,75.3,76.08,74.25,75.5,998700.0,normal,2025-12-11T07:49:45.784400Z,2021-02-23
PNW,1d,2021-02-22T00:00:00,76.04,76.18,73.11,74.59,1207900.0,normal,2025-12-11T07:49:45.784400Z,2021-02-22
PNW,1d,2021-02-19T00:00:00,77.15,77.25,76.15,76.26,508100.0,normal,2025-12-11T07:49:45.784400Z,2021-02-19
PNW,1d,2021-02-18T00:00:00,77.09,77.92,77.01,77.17,741800.0,normal,2025-12-11T07:49:45.784400Z,2021-02-18
PNW,1d,2021-02-17T00:00:00,76.14,77.21,75.88,77.15,580446.0,normal,2025-12-11T07:49:45.784400Z,2021-02-17
PNW,1d,2021-02-16T00:00:00,76.13,76.38,75.37,76.02,663100.0,normal,2025-12-11T07:49:45.784400Z,2021-02-16
PNW,1d,2021-02-12T00:00:00,76.44,77.06,75.87,76.19,610941.0,normal,2025-12-11T07:49:45.784400Z,2021-02-12
PNW,1d,2021-02-11T00:00:00,77.23,77.43,76.32,76.66,522335.0,normal,2025-12-11T07:49:45.784400Z,2021-02-11
PNW,1d,2021-02-10T00:00:00,77.0,77.5,76.41,77.12,644500.0,normal,2025-12-11T07:49:45.784400Z,2021-02-10
PNW,1d,2021-02-09T00:00:00,77.06,77.92,76.03,76.66,516622.0,normal,2025-12-11T07:49:45.784400Z,2021-02-09
PNW,1d,2021-02-08T00:00:00,77.81,77.94,76.3,76.94,806600.0,normal,2025-12-11T07:49:45.784400Z,2021-02-08
PNW,1d,2021-02-05T00:00:00,77.61,78.04,76.86,77.78,728645.0,normal,2025-12-11T07:49:45.784400Z,2021-02-05
PNW,1d,2021-02-04T00:00:00,76.62,77.27,76.25,77.06,773200.0,normal,2025-12-11T07:49:45.784400Z,2021-02-04
PNW,1d,2021-02-03T00:00:00,76.4,77.19,75.91,76.73,614600.0,normal,2025-12-11T07:49:45.784400Z,2021-02-03
PNW,1d,2021-02-02T00:00:00,76.48,78.25,76.19,76.7,920147.0,normal,2025-12-11T07:49:45.784400Z,2021-02-02
PNW,1d,2021-02-01T00:00:00,75.58,76.74,75.05,76.2,782345.0,normal,2025-12-11T07:49:45.784400Z,2021-02-01
PNW,1d,2021-01-29T00:00:00,75.24,76.06,74.73,75.25,1756941.0,normal,2025-12-11T07:49:45.784400Z,2021-01-29
PNW,1d,2021-01-28T00:00:00,76.64,77.89,76.17,76.68,1063054.0,normal,2025-12-11T07:49:45.784400Z,2021-01-28
PNW,1d,2021-01-27T00:00:00,76.88,77.38,75.05,76.31,1166902.0,normal,2025-12-11T07:49:45.784400Z,2021-01-27
PNW,1d,2021-01-26T00:00:00,78.48,78.69,77.02,77.5,770509.0,normal,2025-12-11T07:49:45.784400Z,2021-01-26
PNW,1d,2021-01-25T00:00:00,76.69,78.46,76.62,78.36,855604.0,normal,2025-12-11T07:49:45.784400Z,2021-01-25
PNW,1d,2021-01-22T00:00:00,77.24,77.51,76.46,77.09,504700.0,normal,2025-12-11T07:49:45.784400Z,2021-01-22
PNW,1d,2021-01-21T00:00:00,77.73,77.9,76.37,77.53,956300.0,normal,2025-12-11T07:49:45.784400Z,2021-01-21
PNW,1d,2021-01-20T00:00:00,77.59,78.15,76.77,77.94,1188900.0,normal,2025-12-11T07:49:45.784400Z,2021-01-20
PNW,1d,2021-01-19T00:00:00,78.71,78.8,77.65,78.0,1131497.0,normal,2025-12-11T07:49:45.784400Z,2021-01-19
PNW,1d,2021-01-15T00:00:00,76.94,78.75,76.15,78.55,789707.0,normal,2025-12-11T07:49:45.784400Z,2021-01-15
PNW,1d,2021-01-14T00:00:00,78.1,78.21,76.91,77.05,584600.0,normal,2025-12-11T07:49:45.784400Z,2021-01-14
PNW,1d,2021-01-13T00:00:00,76.46,78.13,76.19,77.93,847928.0,normal,2025-12-11T07:49:45.784400Z,2021-01-13
PNW,1d,2021-01-12T00:00:00,76.75,77.22,75.85,76.42,1083504.0,normal,2025-12-11T07:49:45.784400Z,2021-01-12
PNW,1d,2021-01-11T00:00:00,77.41,78.11,76.18,76.69,637100.0,normal,2025-12-11T07:49:45.784400Z,2021-01-11
PNW,1d,2021-01-08T00:00:00,77.97,78.09,76.96,77.77,513238.0,normal,2025-12-11T07:49:45.784400Z,2021-01-08
PNW,1d,2021-01-07T00:00:00,80.48,80.52,77.57,77.94,816400.0,normal,2025-12-11T07:49:45.784400Z,2021-01-07
PNW,1d,2021-01-06T00:00:00,78.08,80.64,78.0,80.48,852966.0,normal,2025-12-11T07:49:45.784400Z,2021-01-06
PNW,1d,2021-01-05T00:00:00,79.09,79.32,77.33,77.73,1020318.0,normal,2025-12-11T07:49:45.784400Z,2021-01-05
PNW,1d,2021-01-04T00:00:00,80.0,80.75,78.7,79.09,963539.0,normal,2025-12-11T07:49:45.784400Z,2021-01-04
PNW,1d,2020-12-31T00:00:00,79.05,80.03,78.84,79.95,539364.0,normal,2025-12-11T07:49:45.784400Z,2020-12-31
PNW,1d,2020-12-30T00:00:00,78.85,79.61,78.51,79.11,561948.0,normal,2025-12-11T07:49:45.784400Z,2020-12-30
PNW,1d,2020-12-29T00:00:00,78.43,79.35,78.43,79.07,641300.0,normal,2025-12-11T07:49:45.784400Z,2020-12-29
PNW,1d,2020-12-28T00:00:00,78.18,79.21,77.84,78.43,386702.0,normal,2025-12-11T07:49:45.784400Z,2020-12-28
PNW,1d,2020-12-24T00:00:00,77.42,78.06,76.72,77.87,239300.0,normal,2025-12-11T07:49:45.784400Z,2020-12-24
PNW,1d,2020-12-23T00:00:00,78.39,79.37,77.35,77.4,635344.0,normal,2025-12-11T07:49:45.784400Z,2020-12-23
PNW,1d,2020-12-22T00:00:00,77.14,78.17,76.15,77.78,894023.0,normal,2025-12-11T07:49:45.784400Z,2020-12-22
PNW,1d,2020-12-21T00:00:00,78.0,78.46,76.4,77.29,823300.0,normal,2025-12-11T07:49:45.784400Z,2020-12-21
PNW,1d,2020-12-18T00:00:00,79.24,79.75,78.21,78.65,1319356.0,normal,2025-12-11T07:49:45.784400Z,2020-12-18
PNW,1d,2020-12-17T00:00:00,78.8,80.21,78.72,79.32,870821.0,normal,2025-12-11T07:49:45.784400Z,2020-12-17
PNW,1d,2020-12-16T00:00:00,80.38,80.8,78.61,78.65,766033.0,normal,2025-12-11T07:49:45.784400Z,2020-12-16
PNW,1d,2020-12-15T00:00:00,79.45,80.48,78.75,80.03,1215524.0,normal,2025-12-11T07:49:45.784400Z,2020-12-15
PNW,1d,2020-12-14T00:00:00,80.62,81.18,78.9,79.14,1505800.0,normal,2025-12-11T07:49:45.784400Z,2020-12-14
PNW,1d,2020-12-11T00:00:00,80.58,81.13,79.69,79.72,879806.0,normal,2025-12-11T07:49:45.784400Z,2020-12-11
PNW,1d,2020-12-10T00:00:00,81.49,81.83,80.55,80.74,895900.0,normal,2025-12-11T07:49:45.784400Z,2020-12-10
PNW,1d,2020-12-09T00:00:00,81.83,82.32,80.57,81.33,1133713.0,normal,2025-12-11T07:49:45.784400Z,2020-12-09
PNW,1d,2020-12-08T00:00:00,82.03,82.82,81.58,81.82,690300.0,normal,2025-12-11T07:49:45.784400Z,2020-12-08
PNW,1d,2020-12-07T00:00:00,81.79,83.38,81.6,82.58,576915.0,normal,2025-12-11T07:49:45.784400Z,2020-12-07
PNW,1d,2020-12-04T00:00:00,81.5,82.71,81.3,82.41,1231300.0,normal,2025-12-11T07:49:45.784400Z,2020-12-04
PNW,1d,2020-12-03T00:00:00,82.89,82.95,81.25,81.4,818344.0,normal,2025-12-11T07:49:45.784400Z,2020-12-03
PNW,1d,2020-12-02T00:00:00,81.95,83.12,81.08,82.89,657942.0,normal,2025-12-11T07:49:45.784400Z,2020-12-02
PNW,1d,2020-12-01T00:00:00,82.7,83.17,82.21,82.35,610322.0,normal,2025-12-11T07:49:45.784400Z,2020-12-01
PNW,1d,2020-11-30T00:00:00,84.0,84.26,81.36,81.85,1460424.0,normal,2025-12-11T07:49:45.784400Z,2020-11-30
PNW,1d,2020-11-27T00:00:00,86.34,86.34,83.61,83.94,289245.0,normal,2025-12-11T07:49:45.784400Z,2020-11-27
PNW,1d,2020-11-25T00:00:00,85.55,86.71,84.88,86.52,986685.0,normal,2025-12-11T07:49:45.784400Z,2020-11-25
PNW,1d,2020-11-24T00:00:00,85.01,86.21,84.76,85.78,781351.0,normal,2025-12-11T07:49:45.784400Z,2020-11-24
PNW,1d,2020-11-23T00:00:00,83.39,84.73,83.33,84.48,662090.0,normal,2025-12-11T07:49:45.784400Z,2020-11-23
PNW,1d,2020-11-20T00:00:00,83.34,84.54,83.15,83.25,744700.0,normal,2025-12-11T07:49:45.784400Z,2020-11-20
PNW,1d,2020-11-19T00:00:00,84.95,85.01,83.25,83.55,773715.0,normal,2025-12-11T07:49:45.784400Z,2020-11-19
PNW,1d,2020-11-18T00:00:00,87.43,88.14,84.52,84.72,1033613.0,normal,2025-12-11T07:49:45.784400Z,2020-11-18
PNW,1d,2020-11-17T00:00:00,89.6,90.14,86.72,86.78,1154000.0,normal,2025-12-11T07:49:45.784400Z,2020-11-17
PNW,1d,2020-11-16T00:00:00,91.01,91.4,89.72,90.44,704400.0,normal,2025-12-11T07:49:45.784400Z,2020-11-16
PNW,1d,2020-11-13T00:00:00,88.33,89.98,88.26,89.46,682205.0,normal,2025-12-11T07:49:45.784400Z,2020-11-13
PNW,1d,2020-11-12T00:00:00,89.38,89.7,86.72,87.84,889600.0,normal,2025-12-11T07:49:45.784400Z,2020-11-12
PNW,1d,2020-11-11T00:00:00,90.75,91.88,89.5,89.59,818000.0,normal,2025-12-11T07:49:45.784400Z,2020-11-11
PNW,1d,2020-11-10T00:00:00,88.26,91.06,88.05,90.9,1191600.0,normal,2025-12-11T07:49:45.784400Z,2020-11-10
PNW,1d,2020-11-09T00:00:00,86.67,89.85,86.67,87.94,1408600.0,normal,2025-12-11T07:49:45.784400Z,2020-11-09
PNW,1d,2020-11-06T00:00:00,84.25,85.6,83.59,83.79,926101.0,normal,2025-12-11T07:49:45.784400Z,2020-11-06
PNW,1d,2020-11-05T00:00:00,82.95,85.76,82.67,84.48,985013.0,normal,2025-12-11T07:49:45.784400Z,2020-11-05
PNW,1d,2020-11-04T00:00:00,81.18,85.02,81.18,82.2,1135926.0,normal,2025-12-11T07:49:45.784400Z,2020-11-04
PNW,1d,2020-11-03T00:00:00,82.12,82.82,80.95,81.76,867428.0,normal,2025-12-11T07:49:45.784400Z,2020-11-03
PNW,1d,2020-11-02T00:00:00,82.08,82.86,80.19,81.07,982233.0,normal,2025-12-11T07:49:45.784400Z,2020-11-02
PNW,1d,2020-10-30T00:00:00,82.35,83.33,80.0,81.57,1420741.0,normal,2025-12-11T07:49:45.784400Z,2020-10-30
PNW,1d,2020-10-29T00:00:00,82.21,83.99,80.97,83.26,1147369.0,normal,2025-12-11T07:49:45.784400Z,2020-10-29
PNW,1d,2020-10-28T00:00:00,84.81,85.74,82.44,82.77,1441137.0,normal,2025-12-11T07:49:45.784400Z,2020-10-28
PNW,1d,2020-10-27T00:00:00,86.32,87.13,85.84,85.86,921038.0,normal,2025-12-11T07:49:45.784400Z,2020-10-27
PNW,1d,2020-10-26T00:00:00,86.26,86.87,85.29,86.51,963904.0,normal,2025-12-11T07:49:45.784400Z,2020-10-26
PNW,1d,2020-10-23T00:00:00,86.67,87.05,85.73,86.73,1161100.0,normal,2025-12-11T07:49:45.784400Z,2020-10-23
PNW,1d,2020-10-22T00:00:00,83.66,85.91,82.78,85.73,1137519.0,normal,2025-12-11T07:49:45.784400Z,2020-10-22
PNW,1d,2020-10-21T00:00:00,82.29,84.2,81.94,83.69,1025615.0,normal,2025-12-11T07:49:45.784400Z,2020-10-21
PNW,1d,2020-10-20T00:00:00,82.27,82.65,81.58,82.33,445000.0,normal,2025-12-11T07:49:45.784400Z,2020-10-20
PNW,1d,2020-10-19T00:00:00,81.41,82.26,81.38,81.81,762614.0,normal,2025-12-11T07:49:45.784400Z,2020-10-19
PNW,1d,2020-10-16T00:00:00,80.93,81.87,80.4,81.07,600600.0,normal,2025-12-11T07:49:45.784400Z,2020-10-16
PNW,1d,2020-10-15T00:00:00,79.55,81.48,79.44,80.88,686004.0,normal,2025-12-11T07:49:45.784400Z,2020-10-15
PNW,1d,2020-10-14T00:00:00,80.96,81.32,80.12,80.26,783200.0,normal,2025-12-11T07:49:45.784400Z,2020-10-14
PNW,1d,2020-10-13T00:00:00,81.32,81.32,79.44,80.73,1060837.0,normal,2025-12-11T07:49:45.784400Z,2020-10-13
PNW,1d,2020-10-12T00:00:00,81.65,82.13,81.07,81.56,732010.0,normal,2025-12-11T07:49:45.784400Z,2020-10-12
PNW,1d,2020-10-09T00:00:00,84.07,84.24,82.12,82.56,670805.0,normal,2025-12-11T07:49:45.784400Z,2020-10-09
PNW,1d,2020-10-08T00:00:00,82.88,84.11,82.85,83.54,762000.0,normal,2025-12-11T07:49:45.784400Z,2020-10-08
PNW,1d,2020-10-07T00:00:00,81.67,83.4,81.18,82.95,1056500.0,normal,2025-12-11T07:49:45.784400Z,2020-10-07
PNW,1d,2020-10-06T00:00:00,80.01,82.54,79.39,81.12,1251332.0,normal,2025-12-11T07:49:45.784400Z,2020-10-06
PNW,1d,2020-10-05T00:00:00,77.92,80.34,77.53,79.64,1166300.0,normal,2025-12-11T07:49:45.784400Z,2020-10-05
PNW,1d,2020-10-02T00:00:00,74.37,78.1,74.18,77.86,1039504.0,normal,2025-12-11T07:49:45.784400Z,2020-10-02
PNW,1d,2020-10-01T00:00:00,74.97,75.86,74.35,75.32,843700.0,normal,2025-12-11T07:49:45.784400Z,2020-10-01
PNW,1d,2020-09-30T00:00:00,74.16,75.2,73.76,74.55,1266000.0,normal,2025-12-11T07:49:45.784400Z,2020-09-30
PNW,1d,2020-09-29T00:00:00,73.82,74.65,73.38,73.45,659000.0,normal,2025-12-11T07:49:45.784400Z,2020-09-29
PNW,1d,2020-09-28T00:00:00,74.17,74.85,73.63,73.89,781338.0,normal,2025-12-11T07:49:45.784400Z,2020-09-28
PNW,1d,2020-09-25T00:00:00,72.29,73.9,72.0,73.77,747111.0,normal,2025-12-11T07:49:45.784400Z,2020-09-25
PNW,1d,2020-09-24T00:00:00,71.0,73.04,70.4,72.76,978600.0,normal,2025-12-11T07:49:45.784400Z,2020-09-24
PNW,1d,2020-09-23T00:00:00,71.86,72.5,70.91,70.93,675214.0,normal,2025-12-11T07:49:45.784400Z,2020-09-23
PNW,1d,2020-09-22T00:00:00,70.61,72.43,70.52,71.83,767707.0,normal,2025-12-11T07:49:45.784400Z,2020-09-22
PNW,1d,2020-09-21T00:00:00,70.0,71.56,69.29,70.81,944086.0,normal,2025-12-11T07:49:45.784400Z,2020-09-21
PNW,1d,2020-09-18T00:00:00,71.7,72.41,70.41,70.43,1575647.0,normal,2025-12-11T07:49:45.784400Z,2020-09-18
PNW,1d,2020-09-17T00:00:00,72.05,72.49,71.32,72.16,901403.0,normal,2025-12-11T07:49:45.784400Z,2020-09-17
PNW,1d,2020-09-16T00:00:00,72.0,73.03,71.9,72.3,805900.0,normal,2025-12-11T07:49:45.784400Z,2020-09-16
PNW,1d,2020-09-15T00:00:00,72.35,73.25,71.66,72.02,773249.0,normal,2025-12-11T07:49:45.784400Z,2020-09-15
PNW,1d,2020-09-14T00:00:00,71.1,72.57,71.03,72.09,807477.0,normal,2025-12-11T07:49:45.784400Z,2020-09-14
PNW,1d,2020-09-11T00:00:00,71.69,71.69,70.5,70.9,514200.0,normal,2025-12-11T07:49:45.784400Z,2020-09-11
PNW,1d,2020-09-10T00:00:00,72.57,72.69,71.13,71.39,1005500.0,normal,2025-12-11T07:49:45.784400Z,2020-09-10
PNW,1d,2020-09-09T00:00:00,72.99,74.07,72.51,72.63,570503.0,normal,2025-12-11T07:49:45.784400Z,2020-09-09
PNW,1d,2020-09-08T00:00:00,72.5,73.57,71.46,73.18,987131.0,normal,2025-12-11T07:49:45.784400Z,2020-09-08
PNW,1d,2020-09-04T00:00:00,73.12,73.39,71.43,72.4,906746.0,normal,2025-12-11T07:49:45.784400Z,2020-09-04
PNW,1d,2020-09-03T00:00:00,74.4,74.78,72.29,72.97,839029.0,normal,2025-12-11T07:49:45.784400Z,2020-09-03
PNW,1d,2020-09-02T00:00:00,71.54,74.44,71.5,73.92,889600.0,normal,2025-12-11T07:49:45.784400Z,2020-09-02
PNW,1d,2020-09-01T00:00:00,73.0,73.06,71.27,71.54,1026200.0,normal,2025-12-11T07:49:45.784400Z,2020-09-01
PNW,1d,2020-08-31T00:00:00,73.23,73.98,72.98,73.35,852308.0,normal,2025-12-11T07:49:45.784400Z,2020-08-31
PNW,1d,2020-08-28T00:00:00,73.59,73.92,72.73,73.48,528800.0,normal,2025-12-11T07:49:45.784400Z,2020-08-28
PNW,1d,2020-08-27T00:00:00,73.01,73.54,72.29,73.23,602900.0,normal,2025-12-11T07:49:45.784400Z,2020-08-27
PNW,1d,2020-08-26T00:00:00,74.12,74.17,72.35,72.82,780000.0,normal,2025-12-11T07:49:45.784400Z,2020-08-26
PNW,1d,2020-08-25T00:00:00,75.33,75.33,74.05,74.47,492600.0,normal,2025-12-11T07:49:45.784400Z,2020-08-25
PNW,1d,2020-08-24T00:00:00,74.39,75.39,73.48,75.15,655720.0,normal,2025-12-11T07:49:45.784400Z,2020-08-24
PNW,1d,2020-08-21T00:00:00,75.06,75.15,73.75,74.26,727600.0,normal,2025-12-11T07:49:45.784400Z,2020-08-21
PNW,1d,2020-08-20T00:00:00,75.75,75.88,74.72,74.97,516100.0,normal,2025-12-11T07:49:45.784400Z,2020-08-20
PNW,1d,2020-08-19T00:00:00,76.06,76.3,75.08,76.02,945305.0,normal,2025-12-11T07:49:45.784400Z,2020-08-19
PNW,1d,2020-08-18T00:00:00,76.52,76.84,74.92,75.75,1525700.0,normal,2025-12-11T07:49:45.784400Z,2020-08-18
PNW,1d,2020-08-17T00:00:00,77.87,78.19,76.24,76.4,1436800.0,normal,2025-12-11T07:49:45.784400Z,2020-08-17
PNW,1d,2020-08-14T00:00:00,78.48,78.72,77.75,78.0,662138.0,normal,2025-12-11T07:49:45.784400Z,2020-08-14
PNW,1d,2020-08-13T00:00:00,80.08,80.08,77.41,78.49,1420008.0,normal,2025-12-11T07:49:45.784400Z,2020-08-13
PNW,1d,2020-08-12T00:00:00,81.16,81.42,80.31,80.43,780600.0,normal,2025-12-11T07:49:45.784400Z,2020-08-12
PNW,1d,2020-08-11T00:00:00,82.9,83.43,80.68,80.77,1447221.0,normal,2025-12-11T07:49:45.784400Z,2020-08-11
PNW,1d,2020-08-10T00:00:00,82.61,82.93,81.95,82.58,787246.0,normal,2025-12-11T07:49:45.784400Z,2020-08-10
PNW,1d,2020-08-07T00:00:00,80.5,82.53,80.5,82.16,968042.0,normal,2025-12-11T07:49:45.784400Z,2020-08-07
PNW,1d,2020-08-06T00:00:00,80.0,81.65,78.88,80.79,1113010.0,normal,2025-12-11T07:49:45.784400Z,2020-08-06
PNW,1d,2020-08-05T00:00:00,81.7,81.83,79.25,79.74,1150237.0,normal,2025-12-11T07:49:45.784400Z,2020-08-05
PNW,1d,2020-08-04T00:00:00,81.54,81.86,80.71,81.59,1320807.0,normal,2025-12-11T07:49:45.784400Z,2020-08-04
PNW,1d,2020-08-03T00:00:00,82.99,83.04,80.63,81.99,817017.0,normal,2025-12-11T07:49:45.784400Z,2020-08-03
PNW,1d,2020-07-31T00:00:00,81.12,83.28,80.59,83.08,1549300.0,normal,2025-12-11T07:49:45.784400Z,2020-07-31
PNW,1d,2020-07-30T00:00:00,81.45,83.4,80.43,82.7,1145300.0,normal,2025-12-11T07:49:45.784400Z,2020-07-30
PNW,1d,2020-07-29T00:00:00,81.24,82.36,80.73,82.09,833936.0,normal,2025-12-11T07:49:45.784400Z,2020-07-29
PNW,1d,2020-07-28T00:00:00,79.96,81.6,79.96,81.23,710320.0,normal,2025-12-11T07:49:45.784400Z,2020-07-28
PNW,1d,2020-07-27T00:00:00,81.3,81.33,79.07,80.28,638700.0,normal,2025-12-11T07:49:45.784400Z,2020-07-27
PNW,1d,2020-07-24T00:00:00,82.65,83.23,81.03,81.38,849042.0,normal,2025-12-11T07:49:45.784400Z,2020-07-24
PNW,1d,2020-07-23T00:00:00,82.9,83.33,81.92,82.31,811400.0,normal,2025-12-11T07:49:45.784400Z,2020-07-23
PNW,1d,2020-07-22T00:00:00,80.45,83.09,79.86,82.98,1020561.0,normal,2025-12-11T07:49:45.784400Z,2020-07-22
PNW,1d,2020-07-21T00:00:00,80.85,81.66,80.53,80.92,764010.0,normal,2025-12-11T07:49:45.784400Z,2020-07-21
PNW,1d,2020-07-20T00:00:00,82.32,82.52,80.61,80.78,904039.0,normal,2025-12-11T07:49:45.784400Z,2020-07-20
PNW,1d,2020-07-17T00:00:00,81.25,82.6,81.09,82.53,641200.0,normal,2025-12-11T07:49:45.784400Z,2020-07-17
PNW,1d,2020-07-16T00:00:00,80.0,80.76,79.83,80.56,696700.0,normal,2025-12-11T07:49:45.784400Z,2020-07-16
PNW,1d,2020-07-15T00:00:00,80.73,80.9,79.4,79.88,808100.0,normal,2025-12-11T07:49:45.784400Z,2020-07-15
PNW,1d,2020-07-14T00:00:00,78.87,79.99,78.82,79.62,837713.0,normal,2025-12-11T07:49:45.784400Z,2020-07-14
PNW,1d,2020-07-13T00:00:00,78.32,79.6,78.14,78.91,749500.0,normal,2025-12-11T07:49:45.784400Z,2020-07-13
PNW,1d,2020-07-10T00:00:00,76.08,78.4,76.08,78.26,627700.0,normal,2025-12-11T07:49:45.784400Z,2020-07-10
PNW,1d,2020-07-09T00:00:00,76.48,76.71,75.11,76.25,698031.0,normal,2025-12-11T07:49:45.784400Z,2020-07-09
PNW,1d,2020-07-08T00:00:00,76.0,76.91,75.7,76.72,715308.0,normal,2025-12-11T07:49:45.784400Z,2020-07-08
PNW,1d,2020-07-07T00:00:00,75.88,76.69,75.53,76.0,1347900.0,normal,2025-12-11T07:49:45.784400Z,2020-07-07
PNW,1d,2020-07-06T00:00:00,76.73,77.54,75.91,76.8,921853.0,normal,2025-12-11T07:49:45.784400Z,2020-07-06
PNW,1d,2020-07-02T00:00:00,75.89,77.11,75.51,76.03,1001121.0,normal,2025-12-11T07:49:45.784400Z,2020-07-02
PNW,1d,2020-07-01T00:00:00,73.52,75.72,73.43,75.39,1026536.0,normal,2025-12-11T07:49:45.784400Z,2020-07-01
PNW,1d,2020-06-30T00:00:00,72.85,73.58,72.33,73.29,1230000.0,normal,2025-12-11T07:49:45.784400Z,2020-06-30
PNW,1d,2020-06-29T00:00:00,71.81,72.96,70.88,72.96,775100.0,normal,2025-12-11T07:49:45.784400Z,2020-06-29
PNW,1d,2020-06-26T00:00:00,71.2,72.22,69.96,71.05,1302800.0,normal,2025-12-11T07:49:45.784400Z,2020-06-26
PNW,1d,2020-06-25T00:00:00,71.35,71.42,70.35,71.36,1313800.0,normal,2025-12-11T07:49:45.784400Z,2020-06-25
PNW,1d,2020-06-24T00:00:00,71.53,72.33,70.98,71.62,1235300.0,normal,2025-12-11T07:49:45.784400Z,2020-06-24
PNW,1d,2020-06-23T00:00:00,73.91,74.08,71.95,72.24,861815.0,normal,2025-12-11T07:49:45.784400Z,2020-06-23
PNW,1d,2020-06-22T00:00:00,73.59,74.47,72.82,73.28,1146139.0,normal,2025-12-11T07:49:45.784400Z,2020-06-22
PNW,1d,2020-06-19T00:00:00,77.55,77.76,73.43,73.5,2749400.0,normal,2025-12-11T07:49:45.784400Z,2020-06-19
PNW,1d,2020-06-18T00:00:00,76.29,77.52,76.02,76.65,1279822.0,normal,2025-12-11T07:49:45.784400Z,2020-06-18
PNW,1d,2020-06-17T00:00:00,77.68,77.7,75.83,76.25,1204838.0,normal,2025-12-11T07:49:45.784400Z,2020-06-17
PNW,1d,2020-06-16T00:00:00,79.04,79.69,76.82,77.23,1114700.0,normal,2025-12-11T07:49:45.784400Z,2020-06-16
PNW,1d,2020-06-15T00:00:00,75.44,77.6,74.44,77.09,1112332.0,normal,2025-12-11T07:49:45.784400Z,2020-06-15
PNW,1d,2020-06-12T00:00:00,76.54,76.54,74.57,75.6,1437635.0,normal,2025-12-11T07:49:45.784400Z,2020-06-12
PNW,1d,2020-06-11T00:00:00,76.47,77.0,73.97,74.7,1828900.0,normal,2025-12-11T07:49:45.784400Z,2020-06-11
PNW,1d,2020-06-10T00:00:00,79.9,80.38,77.82,78.13,1321100.0,normal,2025-12-11T07:49:45.784400Z,2020-06-10
PNW,1d,2020-06-09T00:00:00,81.14,81.14,78.03,80.11,972200.0,normal,2025-12-11T07:49:45.784400Z,2020-06-09
PNW,1d,2020-06-08T00:00:00,79.6,82.29,79.35,82.04,1445700.0,normal,2025-12-11T07:49:45.784400Z,2020-06-08
PNW,1d,2020-06-05T00:00:00,79.22,81.07,79.22,79.38,778400.0,normal,2025-12-11T07:49:45.784400Z,2020-06-05
PNW,1d,2020-06-04T00:00:00,78.58,78.58,76.79,77.83,879523.0,normal,2025-12-11T07:49:45.784400Z,2020-06-04
PNW,1d,2020-06-03T00:00:00,79.11,80.14,78.88,78.97,718911.0,normal,2025-12-11T07:49:45.784400Z,2020-06-03
PNW,1d,2020-06-02T00:00:00,78.11,78.76,77.65,78.16,1035720.0,normal,2025-12-11T07:49:45.784400Z,2020-06-02
PNW,1d,2020-06-01T00:00:00,77.9,78.14,76.69,77.58,1245444.0,normal,2025-12-11T07:49:45.784400Z,2020-06-01
PNW,1d,2020-05-29T00:00:00,76.42,78.67,75.56,77.9,4708500.0,normal,2025-12-11T07:49:45.784400Z,2020-05-29
PNW,1d,2020-05-28T00:00:00,76.85,77.4,75.64,76.85,1264029.0,normal,2025-12-11T07:49:45.784400Z,2020-05-28
PNW,1d,2020-05-27T00:00:00,75.63,75.85,73.79,75.5,1433500.0,normal,2025-12-11T07:49:45.784400Z,2020-05-27
PNW,1d,2020-05-26T00:00:00,74.38,75.4,73.76,74.34,1085333.0,normal,2025-12-11T07:49:45.784400Z,2020-05-26
PNW,1d,2020-05-22T00:00:00,72.2,72.74,71.5,72.66,825208.0,normal,2025-12-11T07:49:45.784400Z,2020-05-22
PNW,1d,2020-05-21T00:00:00,72.61,73.32,72.15,72.28,941200.0,normal,2025-12-11T07:49:45.784400Z,2020-05-21
PNW,1d,2020-05-20T00:00:00,72.92,73.03,71.77,72.77,1446400.0,normal,2025-12-11T07:49:45.784400Z,2020-05-20
PNW,1d,2020-05-19T00:00:00,74.63,74.63,72.56,72.59,646100.0,normal,2025-12-11T07:49:45.784400Z,2020-05-19
PNW,1d,2020-05-18T00:00:00,73.69,75.5,73.37,74.86,940628.0,normal,2025-12-11T07:49:45.784400Z,2020-05-18
PNW,1d,2020-05-15T00:00:00,71.23,71.76,69.56,71.42,2709431.0,normal,2025-12-11T07:49:45.784400Z,2020-05-15
PNW,1d,2020-05-14T00:00:00,71.59,72.7,70.11,72.02,1554900.0,normal,2025-12-11T07:49:45.784400Z,2020-05-14
PNW,1d,2020-05-13T00:00:00,71.96,72.66,70.91,72.46,1373636.0,normal,2025-12-11T07:49:45.784400Z,2020-05-13
PNW,1d,2020-05-12T00:00:00,74.5,74.65,72.3,72.48,1271544.0,normal,2025-12-11T07:49:45.784400Z,2020-05-12
PNW,1d,2020-05-11T00:00:00,73.0,73.91,71.93,73.65,1189830.0,normal,2025-12-11T07:49:45.784400Z,2020-05-11
PNW,1d,2020-05-08T00:00:00,74.32,74.97,72.63,73.87,1268400.0,normal,2025-12-11T07:49:45.784400Z,2020-05-08
PNW,1d,2020-05-07T00:00:00,72.94,73.87,71.62,71.76,1585500.0,normal,2025-12-11T07:49:45.784400Z,2020-05-07
PNW,1d,2020-05-06T00:00:00,74.97,74.98,71.7,72.01,868418.0,normal,2025-12-11T07:49:45.784400Z,2020-05-06
PNW,1d,2020-05-05T00:00:00,74.04,75.74,73.78,74.64,1037320.0,normal,2025-12-11T07:49:45.784400Z,2020-05-05
PNW,1d,2020-05-04T00:00:00,74.0,74.23,72.75,73.65,834400.0,normal,2025-12-11T07:49:45.784400Z,2020-05-04
PNW,1d,2020-05-01T00:00:00,75.48,75.48,72.99,74.12,1479753.0,normal,2025-12-11T07:49:45.784400Z,2020-05-01
PNW,1d,2020-04-30T00:00:00,77.78,77.97,75.5,76.99,1381421.0,normal,2025-12-11T07:49:45.784400Z,2020-04-30
PNW,1d,2020-04-29T00:00:00,81.5,81.52,78.25,78.55,1226200.0,normal,2025-12-11T07:49:45.784400Z,2020-04-29
PNW,1d,2020-04-28T00:00:00,80.87,80.87,79.13,79.99,1197600.0,normal,2025-12-11T07:49:45.784400Z,2020-04-28
PNW,1d,2020-04-27T00:00:00,77.95,79.57,77.55,78.76,740815.0,normal,2025-12-11T07:49:45.784400Z,2020-04-27
PNW,1d,2020-04-24T00:00:00,76.25,77.4,75.03,77.14,1026802.0,normal,2025-12-11T07:49:45.784400Z,2020-04-24
PNW,1d,2020-04-23T00:00:00,77.64,78.18,75.69,75.82,660400.0,normal,2025-12-11T07:49:45.784400Z,2020-04-23
PNW,1d,2020-04-22T00:00:00,76.78,78.21,75.66,77.58,671638.0,normal,2025-12-11T07:49:45.784400Z,2020-04-22
PNW,1d,2020-04-21T00:00:00,75.15,76.1,74.13,75.61,687283.0,normal,2025-12-11T07:49:45.784400Z,2020-04-21
PNW,1d,2020-04-20T00:00:00,79.65,79.86,76.14,76.6,649436.0,normal,2025-12-11T07:49:45.784400Z,2020-04-20
PNW,1d,2020-04-17T00:00:00,80.59,81.92,78.69,79.91,1505300.0,normal,2025-12-11T07:49:45.784400Z,2020-04-17
PNW,1d,2020-04-16T00:00:00,79.88,80.56,78.01,79.01,971409.0,normal,2025-12-11T07:49:45.784400Z,2020-04-16
PNW,1d,2020-04-15T00:00:00,79.01,80.63,78.38,79.66,902200.0,normal,2025-12-11T07:49:45.784400Z,2020-04-15
PNW,1d,2020-04-14T00:00:00,81.03,82.02,79.93,81.83,1198800.0,normal,2025-12-11T07:49:45.784400Z,2020-04-14
PNW,1d,2020-04-13T00:00:00,81.1,81.56,78.09,79.61,819540.0,normal,2025-12-11T07:49:45.784400Z,2020-04-13
PNW,1d,2020-04-09T00:00:00,80.29,84.69,79.72,82.23,1634600.0,normal,2025-12-11T07:49:45.784400Z,2020-04-09
PNW,1d,2020-04-08T00:00:00,73.68,79.92,73.4,78.87,1165301.0,normal,2025-12-11T07:49:45.784400Z,2020-04-08
PNW,1d,2020-04-07T00:00:00,77.15,77.31,72.78,73.6,1010649.0,normal,2025-12-11T07:49:45.784400Z,2020-04-07
PNW,1d,2020-04-06T00:00:00,71.72,76.5,70.67,74.33,1194600.0,normal,2025-12-11T07:49:45.784400Z,2020-04-06
PNW,1d,2020-04-03T00:00:00,70.93,72.11,67.29,68.19,1152603.0,normal,2025-12-11T07:49:45.784400Z,2020-04-03
PNW,1d,2020-04-02T00:00:00,69.83,74.52,69.83,71.77,993337.0,normal,2025-12-11T07:49:45.784400Z,2020-04-02
PNW,1d,2020-04-01T00:00:00,72.56,74.13,69.22,70.84,896513.0,normal,2025-12-11T07:49:45.784400Z,2020-04-01
PNW,1d,2020-03-31T00:00:00,77.34,78.95,75.51,75.79,1030260.0,normal,2025-12-11T07:49:45.784400Z,2020-03-31
PNW,1d,2020-03-30T00:00:00,78.44,80.21,76.63,78.36,902600.0,normal,2025-12-11T07:49:45.784400Z,2020-03-30
PNW,1d,2020-03-27T00:00:00,76.26,79.93,75.13,77.63,1084023.0,normal,2025-12-11T07:49:45.784400Z,2020-03-27
PNW,1d,2020-03-26T00:00:00,72.86,80.31,72.32,79.34,1217528.0,normal,2025-12-11T07:49:45.784400Z,2020-03-26
PNW,1d,2020-03-25T00:00:00,70.81,75.88,67.75,72.66,1112900.0,normal,2025-12-11T07:49:45.784400Z,2020-03-25
PNW,1d,2020-03-24T00:00:00,65.7,71.75,65.08,71.04,1116700.0,normal,2025-12-11T07:49:45.784400Z,2020-03-24
PNW,1d,2020-03-23T00:00:00,64.01,66.45,61.22,62.91,1412427.0,normal,2025-12-11T07:49:45.784400Z,2020-03-23
PNW,1d,2020-03-20T00:00:00,69.25,72.11,65.27,65.55,1976300.0,normal,2025-12-11T07:49:45.784400Z,2020-03-20
PNW,1d,2020-03-19T00:00:00,65.26,72.17,61.73,68.36,1860900.0,normal,2025-12-11T07:49:45.784400Z,2020-03-19
PNW,1d,2020-03-18T00:00:00,70.51,70.83,60.05,65.57,2921204.0,normal,2025-12-11T07:49:45.784400Z,2020-03-18
PNW,1d,2020-03-17T00:00:00,69.97,74.98,67.27,74.83,1861800.0,normal,2025-12-11T07:49:45.784400Z,2020-03-17
PNW,1d,2020-03-16T00:00:00,75.5,78.26,67.61,68.11,1342800.0,normal,2025-12-11T07:49:45.784400Z,2020-03-16
PNW,1d,2020-03-13T00:00:00,83.83,84.38,76.88,81.57,1233400.0,normal,2025-12-11T07:49:45.784400Z,2020-03-13
PNW,1d,2020-03-12T00:00:00,81.51,83.44,77.83,80.1,2171900.0,normal,2025-12-11T07:49:45.784400Z,2020-03-12
PNW,1d,2020-03-11T00:00:00,94.11,94.14,88.15,89.55,1454247.0,normal,2025-12-11T07:49:45.784400Z,2020-03-11
PNW,1d,2020-03-10T00:00:00,96.39,98.29,92.31,96.19,997232.0,normal,2025-12-11T07:49:45.784400Z,2020-03-10
PNW,1d,2020-03-09T00:00:00,95.79,97.95,93.11,95.37,1251000.0,normal,2025-12-11T07:49:45.784400Z,2020-03-09
PNW,1d,2020-03-06T00:00:00,96.88,99.71,95.35,99.31,1995707.0,normal,2025-12-11T07:49:45.784400Z,2020-03-06
PNW,1d,2020-03-05T00:00:00,98.39,100.34,98.05,99.67,989000.0,normal,2025-12-11T07:49:45.784400Z,2020-03-05
PNW,1d,2020-03-04T00:00:00,95.68,100.73,95.68,100.26,1217500.0,normal,2025-12-11T07:49:45.784400Z,2020-03-04
PNW,1d,2020-03-03T00:00:00,94.69,97.53,94.1,94.49,1527005.0,normal,2025-12-11T07:49:45.784400Z,2020-03-03
PNW,1d,2020-03-02T00:00:00,90.0,94.99,89.59,94.91,1534600.0,normal,2025-12-11T07:49:45.784400Z,2020-03-02
PNW,1d,2020-02-28T00:00:00,91.38,91.91,88.6,89.49,1847900.0,normal,2025-12-11T07:49:45.784400Z,2020-02-28
PNW,1d,2020-02-27T00:00:00,96.78,97.62,93.54,93.61,1451900.0,normal,2025-12-11T07:49:45.784400Z,2020-02-27
PNW,1d,2020-02-26T00:00:00,98.76,99.3,97.16,97.2,978438.0,normal,2025-12-11T07:49:45.784400Z,2020-02-26
PNW,1d,2020-02-25T00:00:00,100.94,101.33,98.34,98.4,975091.0,normal,2025-12-11T07:49:45.784400Z,2020-02-25
PNW,1d,2020-02-24T00:00:00,103.31,103.31,100.94,100.94,1312600.0,normal,2025-12-11T07:49:45.784400Z,2020-02-24
PNW,1d,2020-02-21T00:00:00,100.71,105.51,100.38,103.6,2333700.0,normal,2025-12-11T07:49:45.784400Z,2020-02-21
PNW,1d,2020-02-20T00:00:00,101.16,101.74,101.02,101.09,1309400.0,normal,2025-12-11T07:49:45.784400Z,2020-02-20
PNW,1d,2020-02-19T00:00:00,101.66,101.98,101.12,101.54,894733.0,normal,2025-12-11T07:49:45.784400Z,2020-02-19
PNW,1d,2020-02-18T00:00:00,100.72,102.17,100.45,101.81,1066945.0,normal,2025-12-11T07:49:45.784400Z,2020-02-18
PNW,1d,2020-02-14T00:00:00,100.4,100.74,99.88,100.43,715000.0,normal,2025-12-11T07:49:45.784400Z,2020-02-14
PNW,1d,2020-02-13T00:00:00,98.76,100.22,98.71,100.22,685100.0,normal,2025-12-11T07:49:45.784400Z,2020-02-13
PNW,1d,2020-02-12T00:00:00,98.32,98.83,98.07,98.65,649300.0,normal,2025-12-11T07:49:45.784400Z,2020-02-12
PNW,1d,2020-02-11T00:00:00,98.68,99.33,98.45,98.61,689600.0,normal,2025-12-11T07:49:45.784400Z,2020-02-11
PNW,1d,2020-02-10T00:00:00,98.24,98.88,97.87,98.81,649042.0,normal,2025-12-11T07:49:45.784400Z,2020-02-10
PNW,1d,2020-02-07T00:00:00,98.36,98.49,97.84,98.06,1000900.0,normal,2025-12-11T07:49:45.784400Z,2020-02-07
PNW,1d,2020-02-06T00:00:00,98.21,98.55,97.84,97.99,984523.0,normal,2025-12-11T07:49:45.784400Z,2020-02-06
PNW,1d,2020-02-05T00:00:00,97.39,98.23,97.0,98.17,751837.0,normal,2025-12-11T07:49:45.784400Z,2020-02-05
PNW,1d,2020-02-04T00:00:00,98.05,98.58,97.62,97.62,1090628.0,normal,2025-12-11T07:49:45.784400Z,2020-02-04
PNW,1d,2020-02-03T00:00:00,97.93,98.59,97.49,98.24,776500.0,normal,2025-12-11T07:49:45.784400Z,2020-02-03
PNW,1d,2020-01-31T00:00:00,98.05,98.64,97.46,97.69,2172600.0,normal,2025-12-11T07:49:45.784400Z,2020-01-31
PNW,1d,2020-01-30T00:00:00,97.71,98.81,97.37,98.78,744000.0,normal,2025-12-11T07:49:45.784400Z,2020-01-30
PNW,1d,2020-01-29T00:00:00,96.99,98.1,96.9,98.05,816300.0,normal,2025-12-11T07:49:45.784400Z,2020-01-29
PNW,1d,2020-01-28T00:00:00,97.86,98.36,97.05,97.05,840100.0,normal,2025-12-11T07:49:45.784400Z,2020-01-28
PNW,1d,2020-01-27T00:00:00,97.28,98.06,96.97,97.67,1228400.0,normal,2025-12-11T07:49:45.784400Z,2020-01-27
PNW,1d,2020-01-24T00:00:00,95.6,97.2,95.57,97.12,763107.0,normal,2025-12-11T07:49:45.784400Z,2020-01-24
PNW,1d,2020-01-23T00:00:00,94.57,95.93,94.49,95.84,701139.0,normal,2025-12-11T07:49:45.784400Z,2020-01-23
PNW,1d,2020-01-22T00:00:00,94.72,95.21,94.48,94.56,761523.0,normal,2025-12-11T07:49:45.784400Z,2020-01-22
PNW,1d,2020-01-21T00:00:00,93.67,94.59,93.23,94.38,700621.0,normal,2025-12-11T07:49:45.784400Z,2020-01-21
PNW,1d,2020-01-17T00:00:00,93.33,93.75,92.52,93.34,935100.0,normal,2025-12-11T07:49:45.784400Z,2020-01-17
PNW,1d,2020-01-16T00:00:00,92.86,93.46,92.77,93.24,1204233.0,normal,2025-12-11T07:49:45.784400Z,2020-01-16
PNW,1d,2020-01-15T00:00:00,92.2,92.92,92.09,92.64,1034128.0,normal,2025-12-11T07:49:45.784400Z,2020-01-15
PNW,1d,2020-01-14T00:00:00,91.16,92.04,91.01,92.04,758300.0,normal,2025-12-11T07:49:45.784400Z,2020-01-14
PNW,1d,2020-01-13T00:00:00,90.53,91.91,90.44,91.23,1074917.0,normal,2025-12-11T07:49:45.784400Z,2020-01-13
PNW,1d,2020-01-10T00:00:00,89.94,90.6,89.88,90.56,808525.0,normal,2025-12-11T07:49:45.784400Z,2020-01-10
PNW,1d,2020-01-09T00:00:00,88.51,89.91,88.33,89.89,779300.0,normal,2025-12-11T07:49:45.784400Z,2020-01-09
PNW,1d,2020-01-08T00:00:00,88.81,89.09,88.47,88.51,797200.0,normal,2025-12-11T07:49:45.784400Z,2020-01-08
PNW,1d,2020-01-07T00:00:00,88.39,88.72,88.1,88.68,931300.0,normal,2025-12-11T07:49:45.784400Z,2020-01-07
PNW,1d,2020-01-06T00:00:00,89.09,89.4,88.8,88.9,909261.0,normal,2025-12-11T07:49:45.784400Z,2020-01-06
PNW,1d,2020-01-03T00:00:00,88.55,89.27,88.49,88.99,1058507.0,normal,2025-12-11T07:49:45.784400Z,2020-01-03
PNW,1d,2020-01-02T00:00:00,90.13,90.25,88.4,88.71,744100.0,normal,2025-12-11T07:49:45.784400Z,2020-01-02
PNW,1d,2019-12-31T00:00:00,89.33,89.98,89.28,89.93,882500.0,normal,2025-12-11T07:49:45.784400Z,2019-12-31
PNW,1d,2019-12-30T00:00:00,88.63,89.26,88.61,89.25,553228.0,normal,2025-12-11T07:49:45.784400Z,2019-12-30
PNW,1d,2019-12-27T00:00:00,89.1,89.2,88.68,88.85,598500.0,normal,2025-12-11T07:49:45.784400Z,2019-12-27
PNW,1d,2019-12-26T00:00:00,88.93,89.35,88.56,88.95,484326.0,normal,2025-12-11T07:49:45.784400Z,2019-12-26
PNW,1d,2019-12-24T00:00:00,89.09,89.27,88.59,88.86,242008.0,normal,2025-12-11T07:49:45.784400Z,2019-12-24
PNW,1d,2019-12-23T00:00:00,90.34,90.34,88.74,88.98,745000.0,normal,2025-12-11T07:49:45.784400Z,2019-12-23
PNW,1d,2019-12-20T00:00:00,89.5,90.68,89.31,90.19,2606540.0,normal,2025-12-11T07:49:45.784400Z,2019-12-20
PNW,1d,2019-12-19T00:00:00,88.57,89.26,88.25,89.25,1342139.0,normal,2025-12-11T07:49:45.784400Z,2019-12-19
PNW,1d,2019-12-18T00:00:00,87.85,88.67,87.16,88.57,785133.0,normal,2025-12-11T07:49:45.784400Z,2019-12-18
PNW,1d,2019-12-17T00:00:00,87.66,88.2,87.26,87.6,856300.0,normal,2025-12-11T07:49:45.784400Z,2019-12-17
PNW,1d,2019-12-16T00:00:00,86.2,87.62,85.96,87.6,1697900.0,normal,2025-12-11T07:49:45.784400Z,2019-12-16
PNW,1d,2019-12-13T00:00:00,85.66,86.34,85.27,86.14,712349.0,normal,2025-12-11T07:49:45.784400Z,2019-12-13
PNW,1d,2019-12-12T00:00:00,85.39,86.37,85.21,85.74,1270500.0,normal,2025-12-11T07:49:45.784400Z,2019-12-12
PNW,1d,2019-12-11T00:00:00,85.37,85.91,84.88,85.44,760049.0,normal,2025-12-11T07:49:45.784400Z,2019-12-11
PNW,1d,2019-12-10T00:00:00,85.55,85.79,85.1,85.21,769500.0,normal,2025-12-11T07:49:45.784400Z,2019-12-10
PNW,1d,2019-12-09T00:00:00,86.37,86.38,85.32,85.55,677225.0,normal,2025-12-11T07:49:45.784400Z,2019-12-09
PNW,1d,2019-12-06T00:00:00,86.49,86.91,86.12,86.2,934800.0,normal,2025-12-11T07:49:45.784400Z,2019-12-06
PNW,1d,2019-12-05T00:00:00,86.79,86.85,86.23,86.59,1244816.0,normal,2025-12-11T07:49:45.784400Z,2019-12-05
PNW,1d,2019-12-04T00:00:00,85.99,87.17,85.89,86.94,853404.0,normal,2025-12-11T07:49:45.784400Z,2019-12-04
PNW,1d,2019-12-03T00:00:00,85.45,86.35,85.34,86.08,983218.0,normal,2025-12-11T07:49:45.784400Z,2019-12-03
PNW,1d,2019-12-02T00:00:00,87.07,87.22,85.7,85.75,807000.0,normal,2025-12-11T07:49:45.784400Z,2019-12-02
PNW,1d,2019-11-29T00:00:00,87.7,88.14,87.35,87.39,407406.0,normal,2025-12-11T07:49:45.784400Z,2019-11-29
PNW,1d,2019-11-27T00:00:00,87.59,87.83,87.08,87.39,677705.0,normal,2025-12-11T07:49:45.784400Z,2019-11-27
PNW,1d,2019-11-26T00:00:00,86.57,87.73,86.41,87.5,2156617.0,normal,2025-12-11T07:49:45.784400Z,2019-11-26
PNW,1d,2019-11-25T00:00:00,87.26,87.67,86.57,86.6,817494.0,normal,2025-12-11T07:49:45.784400Z,2019-11-25
PNW,1d,2019-11-22T00:00:00,87.57,87.57,86.73,87.2,426951.0,normal,2025-12-11T07:49:45.784400Z,2019-11-22
PNW,1d,2019-11-21T00:00:00,87.2,87.67,86.63,87.27,838295.0,normal,2025-12-11T07:49:45.784400Z,2019-11-21
PNW,1d,2019-11-20T00:00:00,87.12,87.55,86.63,87.28,846500.0,normal,2025-12-11T07:49:45.784400Z,2019-11-20
PNW,1d,2019-11-19T00:00:00,86.54,87.09,86.25,86.75,1115046.0,normal,2025-12-11T07:49:45.784400Z,2019-11-19
PNW,1d,2019-11-18T00:00:00,87.68,88.59,86.66,86.8,958738.0,normal,2025-12-11T07:49:45.784400Z,2019-11-18
PNW,1d,2019-11-15T00:00:00,86.99,87.63,86.8,87.61,1038748.0,normal,2025-12-11T07:49:45.784400Z,2019-11-15
PNW,1d,2019-11-14T00:00:00,86.13,87.06,85.97,86.99,1071114.0,normal,2025-12-11T07:49:45.784400Z,2019-11-14
PNW,1d,2019-11-13T00:00:00,85.86,86.73,85.41,85.94,1307137.0,normal,2025-12-11T07:49:45.784400Z,2019-11-13
PNW,1d,2019-11-12T00:00:00,85.02,85.64,84.26,85.61,1491920.0,normal,2025-12-11T07:49:45.784400Z,2019-11-12
PNW,1d,2019-11-11T00:00:00,86.36,86.61,85.0,85.13,972239.0,normal,2025-12-11T07:49:45.784400Z,2019-11-11
PNW,1d,2019-11-08T00:00:00,87.18,87.56,86.08,86.39,1451727.0,normal,2025-12-11T07:49:45.784400Z,2019-11-08
PNW,1d,2019-11-07T00:00:00,87.0,89.01,85.51,87.82,2761213.0,normal,2025-12-11T07:49:45.784400Z,2019-11-07
PNW,1d,2019-11-06T00:00:00,90.98,91.91,90.98,91.17,1374496.0,normal,2025-12-11T07:49:45.784400Z,2019-11-06
PNW,1d,2019-11-05T00:00:00,91.28,91.85,90.71,90.78,1356206.0,normal,2025-12-11T07:49:45.784400Z,2019-11-05
PNW,1d,2019-11-04T00:00:00,93.39,93.39,91.37,91.72,780518.0,normal,2025-12-11T07:49:45.784400Z,2019-11-04
PNW,1d,2019-11-01T00:00:00,93.31,93.88,93.06,93.49,1231237.0,normal,2025-12-11T07:49:45.784400Z,2019-11-01
PNW,1d,2019-10-31T00:00:00,94.16,94.42,93.3,94.12,867480.0,normal,2025-12-11T07:49:45.784400Z,2019-10-31
PNW,1d,2019-10-30T00:00:00,93.11,94.21,93.11,93.84,558500.0,normal,2025-12-11T07:49:45.784400Z,2019-10-30
PNW,1d,2019-10-29T00:00:00,92.16,93.27,92.11,93.08,633931.0,normal,2025-12-11T07:49:45.784400Z,2019-10-29
PNW,1d,2019-10-28T00:00:00,93.75,94.03,92.06,92.23,679500.0,normal,2025-12-11T07:49:45.784400Z,2019-10-28
PNW,1d,2019-10-25T00:00:00,95.06,95.1,93.88,94.2,571078.0,normal,2025-12-11T07:49:45.784400Z,2019-10-25
PNW,1d,2019-10-24T00:00:00,94.56,95.68,94.26,95.09,959561.0,normal,2025-12-11T07:49:45.784400Z,2019-10-24
PNW,1d,2019-10-23T00:00:00,94.79,94.92,93.89,94.15,795580.0,normal,2025-12-11T07:49:45.784400Z,2019-10-23
PNW,1d,2019-10-22T00:00:00,94.32,94.68,94.05,94.53,542504.0,normal,2025-12-11T07:49:45.784400Z,2019-10-22
PNW,1d,2019-10-21T00:00:00,93.5,94.11,93.39,93.99,502909.0,normal,2025-12-11T07:49:45.784400Z,2019-10-21
PNW,1d,2019-10-18T00:00:00,93.7,94.17,93.1,93.91,494714.0,normal,2025-12-11T07:49:45.784400Z,2019-10-18
PNW,1d,2019-10-17T00:00:00,93.79,94.1,93.43,93.69,648513.0,normal,2025-12-11T07:49:45.784400Z,2019-10-17
PNW,1d,2019-10-16T00:00:00,93.61,94.18,93.19,93.83,908700.0,normal,2025-12-11T07:49:45.784400Z,2019-10-16
PNW,1d,2019-10-15T00:00:00,94.55,94.82,93.56,93.66,514200.0,normal,2025-12-11T07:49:45.784400Z,2019-10-15
PNW,1d,2019-10-14T00:00:00,95.59,95.81,94.25,94.53,607934.0,normal,2025-12-11T07:49:45.784400Z,2019-10-14
PNW,1d,2019-10-11T00:00:00,95.16,95.91,94.43,95.46,1311800.0,normal,2025-12-11T07:49:45.784400Z,2019-10-11
PNW,1d,2019-10-10T00:00:00,95.13,95.84,94.4,95.37,516735.0,normal,2025-12-11T07:49:45.784400Z,2019-10-10
PNW,1d,2019-10-09T00:00:00,95.58,95.9,94.86,95.41,661192.0,normal,2025-12-11T07:49:45.784400Z,2019-10-09
PNW,1d,2019-10-08T00:00:00,97.38,97.38,95.48,95.58,846449.0,normal,2025-12-11T07:49:45.784400Z,2019-10-08
PNW,1d,2019-10-07T00:00:00,97.25,97.52,96.65,97.44,734583.0,normal,2025-12-11T07:49:45.784400Z,2019-10-07
PNW,1d,2019-10-04T00:00:00,95.79,97.41,95.79,97.23,765742.0,normal,2025-12-11T07:49:45.784400Z,2019-10-04
PNW,1d,2019-10-03T00:00:00,95.8,96.1,95.24,95.73,741478.0,normal,2025-12-11T07:49:45.784400Z,2019-10-03
PNW,1d,2019-10-02T00:00:00,97.24,97.45,95.57,95.59,765271.0,normal,2025-12-11T07:49:45.784400Z,2019-10-02
PNW,1d,2019-10-01T00:00:00,96.81,97.4,96.31,97.31,669118.0,normal,2025-12-11T07:49:45.784400Z,2019-10-01
PNW,1d,2019-09-30T00:00:00,97.44,98.0,96.95,97.07,744511.0,normal,2025-12-11T07:49:45.784400Z,2019-09-30
PNW,1d,2019-09-27T00:00:00,97.54,97.85,96.77,97.41,491292.0,normal,2025-12-11T07:49:45.784400Z,2019-09-27
PNW,1d,2019-09-26T00:00:00,98.01,98.37,97.49,97.67,756733.0,normal,2025-12-11T07:49:45.784400Z,2019-09-26
PNW,1d,2019-09-25T00:00:00,97.63,97.92,97.12,97.78,840362.0,normal,2025-12-11T07:49:45.784400Z,2019-09-25
PNW,1d,2019-09-24T00:00:00,97.63,98.58,97.24,97.87,846342.0,normal,2025-12-11T07:49:45.784400Z,2019-09-24
PNW,1d,2019-09-23T00:00:00,97.32,98.16,97.05,97.39,1239374.0,normal,2025-12-11T07:49:45.784400Z,2019-09-23
PNW,1d,2019-09-20T00:00:00,97.19,97.47,96.48,97.17,1299617.0,normal,2025-12-11T07:49:45.784400Z,2019-09-20
PNW,1d,2019-09-19T00:00:00,96.39,96.54,95.85,96.26,754988.0,normal,2025-12-11T07:49:45.784400Z,2019-09-19
PNW,1d,2019-09-18T00:00:00,94.85,95.93,94.07,95.88,852293.0,normal,2025-12-11T07:49:45.784400Z,2019-09-18
PNW,1d,2019-09-17T00:00:00,93.83,94.63,93.83,94.36,927536.0,normal,2025-12-11T07:49:45.784400Z,2019-09-17
PNW,1d,2019-09-16T00:00:00,93.43,93.76,92.77,93.49,747429.0,normal,2025-12-11T07:49:45.784400Z,2019-09-16
PNW,1d,2019-09-13T00:00:00,92.93,94.0,92.54,93.08,1052729.0,normal,2025-12-11T07:49:45.784400Z,2019-09-13
PNW,1d,2019-09-12T00:00:00,93.9,94.17,92.77,93.28,841512.0,normal,2025-12-11T07:49:45.784400Z,2019-09-12
PNW,1d,2019-09-11T00:00:00,91.88,93.25,91.61,93.15,782426.0,normal,2025-12-11T07:49:45.784400Z,2019-09-11
PNW,1d,2019-09-10T00:00:00,92.4,92.41,91.18,91.99,788000.0,normal,2025-12-11T07:49:45.784400Z,2019-09-10
PNW,1d,2019-09-09T00:00:00,93.55,93.67,91.89,92.45,976700.0,normal,2025-12-11T07:49:45.784400Z,2019-09-09
PNW,1d,2019-09-06T00:00:00,94.49,94.93,93.3,93.81,1225918.0,normal,2025-12-11T07:49:45.784400Z,2019-09-06
PNW,1d,2019-09-05T00:00:00,95.42,95.53,94.11,94.31,974958.0,normal,2025-12-11T07:49:45.784400Z,2019-09-05
PNW,1d,2019-09-04T00:00:00,95.88,96.08,95.15,95.92,1358930.0,normal,2025-12-11T07:49:45.784400Z,2019-09-04
PNW,1d,2019-09-03T00:00:00,95.25,95.67,94.91,95.58,1683052.0,normal,2025-12-11T07:49:45.784400Z,2019-09-03
PNW,1d,2019-08-30T00:00:00,95.64,95.79,94.99,95.31,1111389.0,normal,2025-12-11T07:49:45.784400Z,2019-08-30
PNW,1d,2019-08-29T00:00:00,95.23,95.36,94.58,95.28,695517.0,normal,2025-12-11T07:49:45.784400Z,2019-08-29
PNW,1d,2019-08-28T00:00:00,94.52,94.95,94.03,94.75,731406.0,normal,2025-12-11T07:49:45.784400Z,2019-08-28
PNW,1d,2019-08-27T00:00:00,95.47,95.55,94.48,94.5,1186714.0,normal,2025-12-11T07:49:45.784400Z,2019-08-27
PNW,1d,2019-08-26T00:00:00,94.19,95.0,94.02,94.99,818038.0,normal,2025-12-11T07:49:45.784400Z,2019-08-26
PNW,1d,2019-08-23T00:00:00,95.14,95.41,93.61,94.14,1225205.0,normal,2025-12-11T07:49:45.784400Z,2019-08-23
PNW,1d,2019-08-22T00:00:00,95.53,95.66,94.23,94.89,1224038.0,normal,2025-12-11T07:49:45.784400Z,2019-08-22
PNW,1d,2019-08-21T00:00:00,94.46,95.74,94.44,95.73,714533.0,normal,2025-12-11T07:49:45.784400Z,2019-08-21
PNW,1d,2019-08-20T00:00:00,95.34,95.56,94.43,94.77,969400.0,normal,2025-12-11T07:49:45.784400Z,2019-08-20
PNW,1d,2019-08-19T00:00:00,94.17,95.32,93.75,94.96,1188200.0,normal,2025-12-11T07:49:45.784400Z,2019-08-19
PNW,1d,2019-08-16T00:00:00,93.84,94.63,93.25,94.12,1365043.0,normal,2025-12-11T07:49:45.784400Z,2019-08-16
PNW,1d,2019-08-15T00:00:00,91.75,94.01,91.75,93.78,839203.0,normal,2025-12-11T07:49:45.784400Z,2019-08-15
PNW,1d,2019-08-14T00:00:00,93.27,93.47,91.49,91.8,979303.0,normal,2025-12-11T07:49:45.784400Z,2019-08-14
PNW,1d,2019-08-13T00:00:00,91.5,93.08,90.96,92.97,1381975.0,normal,2025-12-11T07:49:45.784400Z,2019-08-13
PNW,1d,2019-08-12T00:00:00,92.84,92.84,91.07,91.84,1484624.0,normal,2025-12-11T07:49:45.784400Z,2019-08-12
PNW,1d,2019-08-09T00:00:00,91.36,92.93,91.36,92.44,1294500.0,normal,2025-12-11T07:49:45.784400Z,2019-08-09
PNW,1d,2019-08-08T00:00:00,91.21,94.42,91.16,92.78,1546521.0,normal,2025-12-11T07:49:45.784400Z,2019-08-08
PNW,1d,2019-08-07T00:00:00,93.23,93.72,91.65,93.01,863116.0,normal,2025-12-11T07:49:45.784400Z,2019-08-07
PNW,1d,2019-08-06T00:00:00,91.46,93.32,90.48,93.02,1015100.0,normal,2025-12-11T07:49:45.784400Z,2019-08-06
PNW,1d,2019-08-05T00:00:00,92.71,93.62,91.09,91.55,1289200.0,normal,2025-12-11T07:49:45.784400Z,2019-08-05
PNW,1d,2019-08-02T00:00:00,92.02,93.17,91.91,92.49,1168131.0,normal,2025-12-11T07:49:45.784400Z,2019-08-02
PNW,1d,2019-08-01T00:00:00,91.04,92.68,90.65,91.97,881000.0,normal,2025-12-11T07:49:45.784400Z,2019-08-01
PNW,1d,2019-07-31T00:00:00,91.35,92.36,90.84,91.22,1092900.0,normal,2025-12-11T07:49:45.784400Z,2019-07-31
PNW,1d,2019-07-30T00:00:00,93.55,93.71,91.43,91.93,1418065.0,normal,2025-12-11T07:49:45.784400Z,2019-07-30
PNW,1d,2019-07-29T00:00:00,92.41,93.17,91.78,93.12,884809.0,normal,2025-12-11T07:49:45.784400Z,2019-07-29
PNW,1d,2019-07-26T00:00:00,91.25,92.1,90.81,92.02,708400.0,normal,2025-12-11T07:49:45.784400Z,2019-07-26
PNW,1d,2019-07-25T00:00:00,91.45,91.91,90.53,91.06,1225223.0,normal,2025-12-11T07:49:45.784400Z,2019-07-25
PNW,1d,2019-07-24T00:00:00,93.26,93.31,91.28,91.8,1272034.0,normal,2025-12-11T07:49:45.784400Z,2019-07-24
PNW,1d,2019-07-23T00:00:00,93.23,93.35,92.42,92.84,1082047.0,normal,2025-12-11T07:49:45.784400Z,2019-07-23
PNW,1d,2019-07-22T00:00:00,93.8,94.08,92.65,93.36,766417.0,normal,2025-12-11T07:49:45.784400Z,2019-07-22
PNW,1d,2019-07-19T00:00:00,94.93,95.39,93.49,93.59,854415.0,normal,2025-12-11T07:49:45.784400Z,2019-07-19
PNW,1d,2019-07-18T00:00:00,94.3,95.24,93.32,95.15,918052.0,normal,2025-12-11T07:49:45.784400Z,2019-07-18
PNW,1d,2019-07-17T00:00:00,93.84,94.37,93.61,94.05,671519.0,normal,2025-12-11T07:49:45.784400Z,2019-07-17
PNW,1d,2019-07-16T00:00:00,93.5,93.92,92.64,93.3,965200.0,normal,2025-12-11T07:49:45.784400Z,2019-07-16
PNW,1d,2019-07-15T00:00:00,93.67,94.43,93.16,93.77,775323.0,normal,2025-12-11T07:49:45.784400Z,2019-07-15
PNW,1d,2019-07-12T00:00:00,94.63,94.65,93.27,93.51,958712.0,normal,2025-12-11T07:49:45.784400Z,2019-07-12
PNW,1d,2019-07-11T00:00:00,95.34,95.76,94.07,94.71,1030000.0,normal,2025-12-11T07:49:45.784400Z,2019-07-11
PNW,1d,2019-07-10T00:00:00,96.06,96.45,95.36,95.46,453200.0,normal,2025-12-11T07:49:45.784400Z,2019-07-10
PNW,1d,2019-07-09T00:00:00,95.12,95.64,94.78,95.52,809606.0,normal,2025-12-11T07:49:45.784400Z,2019-07-09
PNW,1d,2019-07-08T00:00:00,95.45,95.88,94.55,95.36,808700.0,normal,2025-12-11T07:49:45.784400Z,2019-07-08
PNW,1d,2019-07-05T00:00:00,94.7,95.62,93.91,95.29,810900.0,normal,2025-12-11T07:49:45.784400Z,2019-07-05
PNW,1d,2019-07-03T00:00:00,95.19,96.25,95.19,95.63,344700.0,normal,2025-12-11T07:49:45.784400Z,2019-07-03
PNW,1d,2019-07-02T00:00:00,94.09,95.08,94.05,94.99,644530.0,normal,2025-12-11T07:49:45.784400Z,2019-07-02
PNW,1d,2019-07-01T00:00:00,94.09,94.34,92.92,93.92,664855.0,normal,2025-12-11T07:49:45.784400Z,2019-07-01
PNW,1d,2019-06-28T00:00:00,93.7,94.82,93.45,94.09,1304400.0,normal,2025-12-11T07:49:45.784400Z,2019-06-28
PNW,1d,2019-06-27T00:00:00,94.91,95.52,93.48,93.74,914433.0,normal,2025-12-11T07:49:45.784400Z,2019-06-27
PNW,1d,2019-06-26T00:00:00,96.49,96.81,94.48,94.48,1250800.0,normal,2025-12-11T07:49:45.784400Z,2019-06-26
PNW,1d,2019-06-25T00:00:00,97.17,97.36,96.35,96.64,1320847.0,normal,2025-12-11T07:49:45.784400Z,2019-06-25
PNW,1d,2019-06-24T00:00:00,97.9,98.14,96.77,96.98,2065201.0,normal,2025-12-11T07:49:45.784400Z,2019-06-24
PNW,1d,2019-06-21T00:00:00,98.13,98.22,96.87,97.62,2253200.0,normal,2025-12-11T07:49:45.784400Z,2019-06-21
PNW,1d,2019-06-20T00:00:00,98.33,98.94,97.39,98.56,974736.0,normal,2025-12-11T07:49:45.784400Z,2019-06-20
PNW,1d,2019-06-19T00:00:00,96.71,98.25,96.71,97.94,727246.0,normal,2025-12-11T07:49:45.784400Z,2019-06-19
PNW,1d,2019-06-18T00:00:00,97.64,97.64,96.21,96.83,901200.0,normal,2025-12-11T07:49:45.784400Z,2019-06-18
PNW,1d,2019-06-17T00:00:00,97.6,98.03,96.5,97.02,485728.0,normal,2025-12-11T07:49:45.784400Z,2019-06-17
PNW,1d,2019-06-14T00:00:00,96.65,97.75,96.65,97.48,710000.0,normal,2025-12-11T07:49:45.784400Z,2019-06-14
PNW,1d,2019-06-13T00:00:00,96.45,97.11,96.13,96.67,1428830.0,normal,2025-12-11T07:49:45.784400Z,2019-06-13
PNW,1d,2019-06-12T00:00:00,95.43,96.86,95.18,96.49,1195829.0,normal,2025-12-11T07:49:45.784400Z,2019-06-12
PNW,1d,2019-06-11T00:00:00,97.16,97.54,95.65,96.39,979400.0,normal,2025-12-11T07:49:45.784400Z,2019-06-11
PNW,1d,2019-06-10T00:00:00,97.16,97.65,96.72,97.27,550648.0,normal,2025-12-11T07:49:45.784400Z,2019-06-10
PNW,1d,2019-06-07T00:00:00,99.27,99.81,97.68,97.68,782020.0,normal,2025-12-11T07:49:45.784400Z,2019-06-07
PNW,1d,2019-06-06T00:00:00,97.85,99.08,97.63,98.76,882218.0,normal,2025-12-11T07:49:45.784400Z,2019-06-06
PNW,1d,2019-06-05T00:00:00,95.81,97.93,95.3,97.79,1375133.0,normal,2025-12-11T07:49:45.784400Z,2019-06-05
PNW,1d,2019-06-04T00:00:00,95.53,95.53,93.35,95.24,730713.0,normal,2025-12-11T07:49:45.784400Z,2019-06-04
PNW,1d,2019-06-03T00:00:00,94.31,95.4,93.89,95.4,816600.0,normal,2025-12-11T07:49:45.784400Z,2019-06-03
PNW,1d,2019-05-31T00:00:00,93.2,94.07,92.95,93.91,1268740.0,normal,2025-12-11T07:49:45.784400Z,2019-05-31
PNW,1d,2019-05-30T00:00:00,93.99,94.36,92.83,93.0,866500.0,normal,2025-12-11T07:49:45.784400Z,2019-05-30
PNW,1d,2019-05-29T00:00:00,95.73,95.92,93.89,93.91,924219.0,normal,2025-12-11T07:49:45.784400Z,2019-05-29
PNW,1d,2019-05-28T00:00:00,96.89,96.89,94.97,95.4,1101305.0,normal,2025-12-11T07:49:45.784400Z,2019-05-28
PNW,1d,2019-05-24T00:00:00,97.34,97.92,96.52,96.67,568244.0,normal,2025-12-11T07:49:45.784400Z,2019-05-24
PNW,1d,2019-05-23T00:00:00,96.57,97.37,96.54,97.32,740400.0,normal,2025-12-11T07:49:45.784400Z,2019-05-23
PNW,1d,2019-05-22T00:00:00,96.34,96.62,95.72,96.43,971000.0,normal,2025-12-11T07:49:45.784400Z,2019-05-22
PNW,1d,2019-05-21T00:00:00,96.67,97.21,95.98,96.04,709800.0,normal,2025-12-11T07:49:45.784400Z,2019-05-21
PNW,1d,2019-05-20T00:00:00,96.4,96.94,96.04,96.59,658444.0,normal,2025-12-11T07:49:45.784400Z,2019-05-20
PNW,1d,2019-05-17T00:00:00,95.38,96.67,95.23,96.06,722400.0,normal,2025-12-11T07:49:45.784400Z,2019-05-17
PNW,1d,2019-05-16T00:00:00,95.0,96.1,94.75,95.82,554812.0,normal,2025-12-11T07:49:45.784400Z,2019-05-16
PNW,1d,2019-05-15T00:00:00,95.3,95.72,94.68,95.19,613400.0,normal,2025-12-11T07:49:45.784400Z,2019-05-15
PNW,1d,2019-05-14T00:00:00,96.21,96.52,94.78,94.98,924000.0,normal,2025-12-11T07:49:45.784400Z,2019-05-14
PNW,1d,2019-05-13T00:00:00,94.61,96.48,94.58,96.31,983713.0,normal,2025-12-11T07:49:45.784400Z,2019-05-13
PNW,1d,2019-05-10T00:00:00,92.7,94.72,92.46,94.72,574243.0,normal,2025-12-11T07:49:45.784400Z,2019-05-10
PNW,1d,2019-05-09T00:00:00,92.41,93.12,92.05,92.57,638724.0,normal,2025-12-11T07:49:45.784400Z,2019-05-09
PNW,1d,2019-05-08T00:00:00,93.08,93.08,91.95,92.18,728420.0,normal,2025-12-11T07:49:45.784400Z,2019-05-08
PNW,1d,2019-05-07T00:00:00,93.47,94.11,92.93,93.35,742231.0,normal,2025-12-11T07:49:45.784400Z,2019-05-07
PNW,1d,2019-05-06T00:00:00,94.39,94.46,93.35,93.47,798836.0,normal,2025-12-11T07:49:45.784400Z,2019-05-06
PNW,1d,2019-05-03T00:00:00,93.2,94.3,93.2,94.12,670902.0,normal,2025-12-11T07:49:45.784400Z,2019-05-03
PNW,1d,2019-05-02T00:00:00,93.76,94.19,92.52,93.07,1492200.0,normal,2025-12-11T07:49:45.784400Z,2019-05-02
PNW,1d,2019-05-01T00:00:00,94.56,95.89,93.86,94.08,1486549.0,normal,2025-12-11T07:49:45.784400Z,2019-05-01
PNW,1d,2019-04-30T00:00:00,93.41,95.28,93.25,95.27,1063020.0,normal,2025-12-11T07:49:45.784400Z,2019-04-30
PNW,1d,2019-04-29T00:00:00,94.96,94.98,93.78,94.37,772416.0,normal,2025-12-11T07:49:45.784400Z,2019-04-29
PNW,1d,2019-04-26T00:00:00,96.27,96.31,94.97,95.09,946700.0,normal,2025-12-11T07:49:45.784400Z,2019-04-26
PNW,1d,2019-04-25T00:00:00,94.41,95.7,94.31,95.14,673246.0,normal,2025-12-11T07:49:45.784400Z,2019-04-25
PNW,1d,2019-04-24T00:00:00,94.94,95.8,94.05,94.8,1046724.0,normal,2025-12-11T07:49:45.784400Z,2019-04-24
PNW,1d,2019-04-23T00:00:00,93.86,94.62,93.52,94.5,916302.0,normal,2025-12-11T07:49:45.784400Z,2019-04-23
PNW,1d,2019-04-22T00:00:00,94.1,94.21,93.19,93.58,802400.0,normal,2025-12-11T07:49:45.784400Z,2019-04-22
PNW,1d,2019-04-18T00:00:00,94.48,94.8,93.9,94.07,914802.0,normal,2025-12-11T07:49:45.784400Z,2019-04-18
PNW,1d,2019-04-17T00:00:00,94.2,94.87,93.73,94.36,686000.0,normal,2025-12-11T07:49:45.784400Z,2019-04-17
PNW,1d,2019-04-16T00:00:00,95.67,95.98,94.09,94.22,880609.0,normal,2025-12-11T07:49:45.784400Z,2019-04-16
PNW,1d,2019-04-15T00:00:00,95.89,96.33,95.58,95.82,751700.0,normal,2025-12-11T07:49:45.784400Z,2019-04-15
PNW,1d,2019-04-12T00:00:00,94.92,95.57,94.3,95.31,842509.0,normal,2025-12-11T07:49:45.784400Z,2019-04-12
PNW,1d,2019-04-11T00:00:00,94.2,95.32,93.73,95.26,846211.0,normal,2025-12-11T07:49:45.784400Z,2019-04-11
PNW,1d,2019-04-10T00:00:00,94.63,95.35,93.97,94.12,711944.0,normal,2025-12-11T07:49:45.784400Z,2019-04-10
PNW,1d,2019-04-09T00:00:00,94.13,94.36,93.79,94.28,697810.0,normal,2025-12-11T07:49:45.784400Z,2019-04-09
PNW,1d,2019-04-08T00:00:00,94.58,94.69,93.62,93.89,669900.0,normal,2025-12-11T07:49:45.784400Z,2019-04-08
PNW,1d,2019-04-05T00:00:00,93.74,94.71,93.35,94.64,586448.0,normal,2025-12-11T07:49:45.784400Z,2019-04-05
PNW,1d,2019-04-04T00:00:00,94.6,94.6,93.14,93.66,694774.0,normal,2025-12-11T07:49:45.784400Z,2019-04-04
PNW,1d,2019-04-03T00:00:00,94.43,94.64,93.58,94.12,854426.0,normal,2025-12-11T07:49:45.784400Z,2019-04-03
PNW,1d,2019-04-02T00:00:00,95.09,95.21,94.39,94.53,1107339.0,normal,2025-12-11T07:49:45.784400Z,2019-04-02
PNW,1d,2019-04-01T00:00:00,95.41,95.41,93.91,94.88,1067042.0,normal,2025-12-11T07:49:45.784400Z,2019-04-01
PNW,1d,2019-03-29T00:00:00,95.06,95.65,94.74,95.58,1288811.0,normal,2025-12-11T07:49:45.784400Z,2019-03-29
PNW,1d,2019-03-28T00:00:00,96.55,96.79,94.4,95.08,1722019.0,normal,2025-12-11T07:49:45.784400Z,2019-03-28
PNW,1d,2019-03-27T00:00:00,97.1,97.25,95.91,96.45,748632.0,normal,2025-12-11T07:49:45.784400Z,2019-03-27
PNW,1d,2019-03-26T00:00:00,96.37,97.04,96.28,96.84,620300.0,normal,2025-12-11T07:49:45.784400Z,2019-03-26
PNW,1d,2019-03-25T00:00:00,96.92,97.02,96.3,96.47,928307.0,normal,2025-12-11T07:49:45.784400Z,2019-03-25
PNW,1d,2019-03-22T00:00:00,96.25,97.27,95.64,96.72,832131.0,normal,2025-12-11T07:49:45.784400Z,2019-03-22
PNW,1d,2019-03-21T00:00:00,94.78,96.06,94.49,95.83,562926.0,normal,2025-12-11T07:49:45.784400Z,2019-03-21
PNW,1d,2019-03-20T00:00:00,94.65,95.56,94.34,94.73,656008.0,normal,2025-12-11T07:49:45.784400Z,2019-03-20
PNW,1d,2019-03-19T00:00:00,95.2,95.21,94.01,94.33,965500.0,normal,2025-12-11T07:49:45.784400Z,2019-03-19
PNW,1d,2019-03-18T00:00:00,96.0,96.12,94.88,95.28,846700.0,normal,2025-12-11T07:49:45.784400Z,2019-03-18
PNW,1d,2019-03-15T00:00:00,95.19,96.43,94.97,96.15,2418800.0,normal,2025-12-11T07:49:45.784400Z,2019-03-15
PNW,1d,2019-03-14T00:00:00,95.5,95.84,94.8,95.15,975500.0,normal,2025-12-11T07:49:45.784400Z,2019-03-14
PNW,1d,2019-03-13T00:00:00,94.98,95.62,94.81,95.38,938531.0,normal,2025-12-11T07:49:45.784400Z,2019-03-13
PNW,1d,2019-03-12T00:00:00,94.41,94.98,94.2,94.94,983032.0,normal,2025-12-11T07:49:45.784400Z,2019-03-12
PNW,1d,2019-03-11T00:00:00,93.3,94.17,92.92,94.12,969400.0,normal,2025-12-11T07:49:45.784400Z,2019-03-11
PNW,1d,2019-03-08T00:00:00,93.16,93.25,92.37,93.16,782455.0,normal,2025-12-11T07:49:45.784400Z,2019-03-08
PNW,1d,2019-03-07T00:00:00,93.12,93.68,92.62,92.75,1239204.0,normal,2025-12-11T07:49:45.784400Z,2019-03-07
PNW,1d,2019-03-06T00:00:00,92.41,92.93,91.98,92.77,920345.0,normal,2025-12-11T07:49:45.784400Z,2019-03-06
PNW,1d,2019-03-05T00:00:00,92.73,93.13,91.9,92.15,1043838.0,normal,2025-12-11T07:49:45.784400Z,2019-03-05
PNW,1d,2019-03-04T00:00:00,93.21,93.67,92.01,93.0,897747.0,normal,2025-12-11T07:49:45.784400Z,2019-03-04
PNW,1d,2019-03-01T00:00:00,93.53,93.91,92.32,92.78,1383237.0,normal,2025-12-11T07:49:45.784400Z,2019-03-01
PNW,1d,2019-02-28T00:00:00,92.99,93.93,92.56,93.74,1009346.0,normal,2025-12-11T07:49:45.784400Z,2019-02-28
PNW,1d,2019-02-27T00:00:00,92.74,93.25,92.53,92.96,833200.0,normal,2025-12-11T07:49:45.784400Z,2019-02-27
PNW,1d,2019-02-26T00:00:00,94.02,94.02,92.91,93.08,1406300.0,normal,2025-12-11T07:49:45.784400Z,2019-02-26
PNW,1d,2019-02-25T00:00:00,93.23,93.88,92.25,93.68,1540500.0,normal,2025-12-11T07:49:45.784400Z,2019-02-25
PNW,1d,2019-02-22T00:00:00,92.8,93.49,91.48,93.22,1181926.0,normal,2025-12-11T07:49:45.784400Z,2019-02-22
PNW,1d,2019-02-21T00:00:00,90.5,92.21,90.04,91.97,1547300.0,normal,2025-12-11T07:49:45.784400Z,2019-02-21
PNW,1d,2019-02-20T00:00:00,90.57,91.08,89.83,90.93,1010641.0,normal,2025-12-11T07:49:45.784400Z,2019-02-20
PNW,1d,2019-02-19T00:00:00,90.17,90.79,89.57,90.65,725100.0,normal,2025-12-11T07:49:45.784400Z,2019-02-19
PNW,1d,2019-02-15T00:00:00,89.87,90.25,89.5,89.96,883141.0,normal,2025-12-11T07:49:45.784400Z,2019-02-15
PNW,1d,2019-02-14T00:00:00,89.51,89.98,88.96,89.54,636631.0,normal,2025-12-11T07:49:45.784400Z,2019-02-14
PNW,1d,2019-02-13T00:00:00,89.43,89.69,89.03,89.51,734200.0,normal,2025-12-11T07:49:45.784400Z,2019-02-13
PNW,1d,2019-02-12T00:00:00,89.89,90.37,88.99,89.77,822723.0,normal,2025-12-11T07:49:45.784400Z,2019-02-12
PNW,1d,2019-02-11T00:00:00,89.21,89.93,89.14,89.63,652114.0,normal,2025-12-11T07:49:45.784400Z,2019-02-11
PNW,1d,2019-02-08T00:00:00,88.9,89.5,88.79,89.38,659000.0,normal,2025-12-11T07:49:45.784400Z,2019-02-08
PNW,1d,2019-02-07T00:00:00,87.98,89.2,87.47,89.18,900900.0,normal,2025-12-11T07:49:45.784400Z,2019-02-07
PNW,1d,2019-02-06T00:00:00,87.53,88.07,86.8,87.69,1192200.0,normal,2025-12-11T07:49:45.784400Z,2019-02-06
PNW,1d,2019-02-05T00:00:00,87.55,87.73,86.75,87.57,856200.0,normal,2025-12-11T07:49:45.784400Z,2019-02-05
PNW,1d,2019-02-04T00:00:00,87.32,87.56,86.55,87.53,896800.0,normal,2025-12-11T07:49:45.784400Z,2019-02-04
PNW,1d,2019-02-01T00:00:00,87.95,88.2,86.7,87.65,1008808.0,normal,2025-12-11T07:49:45.784400Z,2019-02-01
PNW,1d,2019-01-31T00:00:00,86.84,88.42,85.85,88.12,1601511.0,normal,2025-12-11T07:49:45.784400Z,2019-01-31
PNW,1d,2019-01-30T00:00:00,87.0,88.17,86.67,87.62,912000.0,normal,2025-12-11T07:49:45.784400Z,2019-01-30
PNW,1d,2019-01-29T00:00:00,87.14,87.63,86.82,87.36,1063139.0,normal,2025-12-11T07:49:45.784400Z,2019-01-29
PNW,1d,2019-01-28T00:00:00,86.9,87.52,86.4,86.76,1207529.0,normal,2025-12-11T07:49:45.784400Z,2019-01-28
PNW,1d,2019-01-25T00:00:00,87.67,88.12,86.67,86.94,1414626.0,normal,2025-12-11T07:49:45.784400Z,2019-01-25
PNW,1d,2019-01-24T00:00:00,87.28,88.08,86.26,87.98,1082900.0,normal,2025-12-11T07:49:45.784400Z,2019-01-24
PNW,1d,2019-01-23T00:00:00,85.8,87.22,85.73,87.19,1154405.0,normal,2025-12-11T07:49:45.784400Z,2019-01-23
PNW,1d,2019-01-22T00:00:00,85.45,86.21,84.8,85.73,1782102.0,normal,2025-12-11T07:49:45.784400Z,2019-01-22
PNW,1d,2019-01-18T00:00:00,85.53,86.15,85.05,85.67,1474040.0,normal,2025-12-11T07:49:45.784400Z,2019-01-18
PNW,1d,2019-01-17T00:00:00,84.92,85.73,84.84,85.55,1111900.0,normal,2025-12-11T07:49:45.784400Z,2019-01-17
PNW,1d,2019-01-16T00:00:00,83.82,84.85,83.55,84.77,959234.0,normal,2025-12-11T07:49:45.784400Z,2019-01-16
PNW,1d,2019-01-15T00:00:00,82.42,84.65,82.42,84.21,1512829.0,normal,2025-12-11T07:49:45.784400Z,2019-01-15
PNW,1d,2019-01-14T00:00:00,84.24,84.24,81.63,82.47,2052600.0,normal,2025-12-11T07:49:45.784400Z,2019-01-14
PNW,1d,2019-01-11T00:00:00,85.97,85.97,84.41,84.77,1641617.0,normal,2025-12-11T07:49:45.784400Z,2019-01-11
PNW,1d,2019-01-10T00:00:00,84.93,86.3,84.29,86.07,1073820.0,normal,2025-12-11T07:49:45.784400Z,2019-01-10
PNW,1d,2019-01-09T00:00:00,85.37,85.86,84.13,84.66,1272440.0,normal,2025-12-11T07:49:45.784400Z,2019-01-09
PNW,1d,2019-01-08T00:00:00,84.4,85.85,84.08,85.85,1087800.0,normal,2025-12-11T07:49:45.784400Z,2019-01-08
PNW,1d,2019-01-07T00:00:00,84.31,85.05,83.63,84.58,1050326.0,normal,2025-12-11T07:49:45.784400Z,2019-01-07
PNW,1d,2019-01-04T00:00:00,83.11,84.74,83.02,84.74,1315205.0,normal,2025-12-11T07:49:45.784400Z,2019-01-04
PNW,1d,2019-01-03T00:00:00,83.02,84.17,82.91,83.71,1672000.0,normal,2025-12-11T07:49:45.784400Z,2019-01-03
PNW,1d,2019-01-02T00:00:00,85.05,85.24,82.41,82.87,1409932.0,normal,2025-12-11T07:49:45.784400Z,2019-01-02
PNW,1d,2018-12-31T00:00:00,85.33,85.73,84.29,85.2,1066446.0,normal,2025-12-11T07:49:45.784400Z,2018-12-31
PNW,1d,2018-12-28T00:00:00,85.86,86.74,84.97,85.25,935734.0,normal,2025-12-11T07:49:45.784400Z,2018-12-28
PNW,1d,2018-12-27T00:00:00,85.27,85.86,83.95,85.85,1131924.0,normal,2025-12-11T07:49:45.784400Z,2018-12-27
PNW,1d,2018-12-26T00:00:00,85.0,85.85,83.14,85.33,993200.0,normal,2025-12-11T07:49:45.784400Z,2018-12-26
PNW,1d,2018-12-24T00:00:00,89.38,89.39,84.5,84.61,547600.0,normal,2025-12-11T07:49:45.784400Z,2018-12-24
PNW,1d,2018-12-21T00:00:00,89.8,91.35,89.17,89.41,2418425.0,normal,2025-12-11T07:49:45.784400Z,2018-12-21
PNW,1d,2018-12-20T00:00:00,88.5,90.3,87.53,89.55,1061400.0,normal,2025-12-11T07:49:45.784400Z,2018-12-20
PNW,1d,2018-12-19T00:00:00,88.57,90.26,87.81,88.45,1757700.0,normal,2025-12-11T07:49:45.784400Z,2018-12-19
PNW,1d,2018-12-18T00:00:00,89.05,89.62,88.05,88.37,1763512.0,normal,2025-12-11T07:49:45.784400Z,2018-12-18
PNW,1d,2018-12-17T00:00:00,91.68,91.71,88.1,88.42,1061221.0,normal,2025-12-11T07:49:45.784400Z,2018-12-17
PNW,1d,2018-12-14T00:00:00,92.43,92.5,90.97,91.44,1065600.0,normal,2025-12-11T07:49:45.784400Z,2018-12-14
PNW,1d,2018-12-13T00:00:00,91.09,92.64,91.07,92.33,800200.0,normal,2025-12-11T07:49:45.784400Z,2018-12-13
PNW,1d,2018-12-12T00:00:00,91.71,92.09,90.71,91.12,1412501.0,normal,2025-12-11T07:49:45.784400Z,2018-12-12
PNW,1d,2018-12-11T00:00:00,91.16,91.93,90.64,91.66,753700.0,normal,2025-12-11T07:49:45.784400Z,2018-12-11
PNW,1d,2018-12-10T00:00:00,90.96,91.3,89.33,91.07,756500.0,normal,2025-12-11T07:49:45.784400Z,2018-12-10
PNW,1d,2018-12-07T00:00:00,90.82,91.37,89.84,90.78,754136.0,normal,2025-12-11T07:49:45.784400Z,2018-12-07
PNW,1d,2018-12-06T00:00:00,90.54,90.81,88.38,90.79,1387300.0,normal,2025-12-11T07:49:45.784400Z,2018-12-06
PNW,1d,2018-12-04T00:00:00,90.38,91.34,89.92,90.09,1071714.0,normal,2025-12-11T07:49:45.784400Z,2018-12-04
PNW,1d,2018-12-03T00:00:00,89.08,90.23,88.51,90.23,838525.0,normal,2025-12-11T07:49:45.784400Z,2018-12-03
PNW,1d,2018-11-30T00:00:00,89.08,89.51,88.32,89.36,1431600.0,normal,2025-12-11T07:49:45.784400Z,2018-11-30
PNW,1d,2018-11-29T00:00:00,89.14,89.28,87.9,88.84,1208608.0,normal,2025-12-11T07:49:45.784400Z,2018-11-29
PNW,1d,2018-11-28T00:00:00,89.84,89.88,88.7,89.11,1344200.0,normal,2025-12-11T07:49:45.784400Z,2018-11-28
PNW,1d,2018-11-27T00:00:00,88.62,89.77,88.05,89.77,1251294.0,normal,2025-12-11T07:49:45.784400Z,2018-11-27
PNW,1d,2018-11-26T00:00:00,88.37,88.72,87.78,88.64,826200.0,normal,2025-12-11T07:49:45.784400Z,2018-11-26
PNW,1d,2018-11-23T00:00:00,87.75,88.64,87.26,88.27,434300.0,normal,2025-12-11T07:49:45.784400Z,2018-11-23
PNW,1d,2018-11-21T00:00:00,87.98,88.38,87.15,87.54,918835.0,normal,2025-12-11T07:49:45.784400Z,2018-11-21
PNW,1d,2018-11-20T00:00:00,89.1,90.06,88.08,88.3,816220.0,normal,2025-12-11T07:49:45.784400Z,2018-11-20
PNW,1d,2018-11-19T00:00:00,88.26,88.87,87.92,88.87,819000.0,normal,2025-12-11T07:49:45.784400Z,2018-11-19
PNW,1d,2018-11-16T00:00:00,89.79,89.9,88.26,88.32,1181511.0,normal,2025-12-11T07:49:45.784400Z,2018-11-16
PNW,1d,2018-11-15T00:00:00,87.9,88.83,86.81,88.7,1157520.0,normal,2025-12-11T07:49:45.784400Z,2018-11-15
PNW,1d,2018-11-14T00:00:00,88.91,89.25,87.93,88.24,1173300.0,normal,2025-12-11T07:49:45.784400Z,2018-11-14
PNW,1d,2018-11-13T00:00:00,88.86,89.41,87.99,89.25,1599100.0,normal,2025-12-11T07:49:45.784400Z,2018-11-13
PNW,1d,2018-11-12T00:00:00,88.31,89.95,87.77,88.86,1446911.0,normal,2025-12-11T07:49:45.784400Z,2018-11-12
PNW,1d,2018-11-09T00:00:00,87.86,88.66,87.14,88.47,1281400.0,normal,2025-12-11T07:49:45.784400Z,2018-11-09
PNW,1d,2018-11-08T00:00:00,86.15,87.88,85.75,87.56,1777300.0,normal,2025-12-11T07:49:45.784400Z,2018-11-08
PNW,1d,2018-11-07T00:00:00,84.69,85.46,84.6,85.39,1155124.0,normal,2025-12-11T07:49:45.784400Z,2018-11-07
PNW,1d,2018-11-06T00:00:00,83.53,84.71,83.23,84.65,1159700.0,normal,2025-12-11T07:49:45.784400Z,2018-11-06
PNW,1d,2018-11-05T00:00:00,82.4,84.03,82.31,83.41,1946809.0,normal,2025-12-11T07:49:45.784400Z,2018-11-05
PNW,1d,2018-11-02T00:00:00,82.83,82.99,81.51,82.38,864049.0,normal,2025-12-11T07:49:45.784400Z,2018-11-02
PNW,1d,2018-11-01T00:00:00,82.09,82.77,81.74,82.56,1301746.0,normal,2025-12-11T07:49:45.784400Z,2018-11-01
PNW,1d,2018-10-31T00:00:00,82.64,83.17,81.45,82.25,1223009.0,normal,2025-12-11T07:49:45.784400Z,2018-10-31
PNW,1d,2018-10-30T00:00:00,83.67,84.26,82.81,83.68,699400.0,normal,2025-12-11T07:49:45.784400Z,2018-10-30
PNW,1d,2018-10-29T00:00:00,82.61,84.14,82.61,83.42,962300.0,normal,2025-12-11T07:49:45.784400Z,2018-10-29
PNW,1d,2018-10-26T00:00:00,84.77,85.37,82.03,82.65,945676.0,normal,2025-12-11T07:49:45.784400Z,2018-10-26
PNW,1d,2018-10-25T00:00:00,85.8,86.0,84.2,84.45,1026332.0,normal,2025-12-11T07:49:45.784400Z,2018-10-25
PNW,1d,2018-10-24T00:00:00,84.58,86.71,84.05,86.43,783733.0,normal,2025-12-11T07:49:45.784400Z,2018-10-24
PNW,1d,2018-10-23T00:00:00,84.98,85.85,83.98,84.13,902059.0,normal,2025-12-11T07:49:45.784400Z,2018-10-23
PNW,1d,2018-10-22T00:00:00,85.13,85.54,84.69,84.91,941024.0,normal,2025-12-11T07:49:45.784400Z,2018-10-22
PNW,1d,2018-10-19T00:00:00,83.9,85.68,83.9,85.15,1018800.0,normal,2025-12-11T07:49:45.784400Z,2018-10-19
PNW,1d,2018-10-18T00:00:00,83.87,84.14,83.19,83.48,1318632.0,normal,2025-12-11T07:49:45.784400Z,2018-10-18
PNW,1d,2018-10-17T00:00:00,83.2,83.9,82.97,83.69,1129300.0,normal,2025-12-11T07:49:45.784400Z,2018-10-17
PNW,1d,2018-10-16T00:00:00,81.95,83.73,81.46,83.54,1503900.0,normal,2025-12-11T07:49:45.784400Z,2018-10-16
PNW,1d,2018-10-15T00:00:00,81.48,82.4,81.29,81.68,1102700.0,normal,2025-12-11T07:49:45.784400Z,2018-10-15
PNW,1d,2018-10-12T00:00:00,81.16,81.51,80.22,81.5,866546.0,normal,2025-12-11T07:49:45.784400Z,2018-10-12
PNW,1d,2018-10-11T00:00:00,83.06,83.11,81.19,81.3,1259266.0,normal,2025-12-11T07:49:45.784400Z,2018-10-11
PNW,1d,2018-10-10T00:00:00,83.26,84.19,82.64,82.69,1487700.0,normal,2025-12-11T07:49:45.784400Z,2018-10-10
PNW,1d,2018-10-09T00:00:00,82.94,83.78,82.68,83.32,945800.0,normal,2025-12-11T07:49:45.784400Z,2018-10-09
PNW,1d,2018-10-08T00:00:00,82.01,83.5,81.8,82.77,854000.0,normal,2025-12-11T07:49:45.784400Z,2018-10-08
PNW,1d,2018-10-05T00:00:00,80.21,81.95,80.21,81.8,913000.0,normal,2025-12-11T07:49:45.784400Z,2018-10-05
PNW,1d,2018-10-04T00:00:00,78.67,80.34,78.35,80.25,1045400.0,normal,2025-12-11T07:49:45.784400Z,2018-10-04
PNW,1d,2018-10-03T00:00:00,79.36,79.94,78.11,78.77,718208.0,normal,2025-12-11T07:49:45.784400Z,2018-10-03
PNW,1d,2018-10-02T00:00:00,79.11,80.0,79.11,79.42,844600.0,normal,2025-12-11T07:49:45.784400Z,2018-10-02
PNW,1d,2018-10-01T00:00:00,78.95,79.44,78.34,78.89,619826.0,normal,2025-12-11T07:49:45.784400Z,2018-10-01
PNW,1d,2018-09-28T00:00:00,78.33,79.25,78.33,79.18,851105.0,normal,2025-12-11T07:49:45.784400Z,2018-09-28
PNW,1d,2018-09-27T00:00:00,77.56,78.58,77.19,78.09,528700.0,normal,2025-12-11T07:49:45.784400Z,2018-09-27
PNW,1d,2018-09-26T00:00:00,78.39,78.59,77.33,77.41,600200.0,normal,2025-12-11T07:49:45.784400Z,2018-09-26
PNW,1d,2018-09-25T00:00:00,79.3,79.3,78.04,78.18,745311.0,normal,2025-12-11T07:49:45.784400Z,2018-09-25
PNW,1d,2018-09-24T00:00:00,80.22,80.35,79.32,79.37,951024.0,normal,2025-12-11T07:49:45.784400Z,2018-09-24
PNW,1d,2018-09-21T00:00:00,79.39,80.47,78.62,80.22,1881800.0,normal,2025-12-11T07:49:45.784400Z,2018-09-21
PNW,1d,2018-09-20T00:00:00,78.93,79.59,78.38,79.47,769210.0,normal,2025-12-11T07:49:45.784400Z,2018-09-20
PNW,1d,2018-09-19T00:00:00,80.93,80.93,78.43,79.03,1156200.0,normal,2025-12-11T07:49:45.784400Z,2018-09-19
PNW,1d,2018-09-18T00:00:00,80.75,81.12,80.24,80.82,790200.0,normal,2025-12-11T07:49:45.784400Z,2018-09-18
PNW,1d,2018-09-17T00:00:00,80.6,81.01,80.03,80.86,825700.0,normal,2025-12-11T07:49:45.784400Z,2018-09-17
PNW,1d,2018-09-14T00:00:00,80.16,80.43,79.32,80.35,656103.0,normal,2025-12-11T07:49:45.784400Z,2018-09-14
PNW,1d,2018-09-13T00:00:00,79.97,80.46,79.32,80.38,576345.0,normal,2025-12-11T07:49:45.784400Z,2018-09-13
PNW,1d,2018-09-12T00:00:00,79.61,80.23,79.38,79.77,720312.0,normal,2025-12-11T07:49:45.784400Z,2018-09-12
PNW,1d,2018-09-11T00:00:00,80.08,80.35,79.56,79.69,636719.0,normal,2025-12-11T07:49:45.784400Z,2018-09-11
PNW,1d,2018-09-10T00:00:00,79.79,80.41,79.72,80.05,644900.0,normal,2025-12-11T07:49:45.784400Z,2018-09-10
PNW,1d,2018-09-07T00:00:00,79.74,80.03,79.16,79.59,695337.0,normal,2025-12-11T07:49:45.784400Z,2018-09-07
PNW,1d,2018-09-06T00:00:00,80.08,80.6,79.71,80.2,616705.0,normal,2025-12-11T07:49:45.784400Z,2018-09-06
PNW,1d,2018-09-05T00:00:00,79.22,80.18,79.07,80.04,1191000.0,normal,2025-12-11T07:49:45.784400Z,2018-09-05
PNW,1d,2018-09-04T00:00:00,78.61,79.56,78.61,79.18,965526.0,normal,2025-12-11T07:49:45.784400Z,2018-09-04
PNW,1d,2018-08-31T00:00:00,78.81,79.61,78.27,78.55,1254009.0,normal,2025-12-11T07:49:45.784400Z,2018-08-31
PNW,1d,2018-08-30T00:00:00,79.66,79.66,78.4,78.71,1501933.0,normal,2025-12-11T07:49:45.784400Z,2018-08-30
PNW,1d,2018-08-29T00:00:00,79.75,79.89,79.14,79.49,1121021.0,normal,2025-12-11T07:49:45.784400Z,2018-08-29
PNW,1d,2018-08-28T00:00:00,80.13,80.35,79.22,79.39,1045200.0,normal,2025-12-11T07:49:45.784400Z,2018-08-28
PNW,1d,2018-08-27T00:00:00,81.32,81.32,80.13,80.53,748100.0,normal,2025-12-11T07:49:45.784400Z,2018-08-27
PNW,1d,2018-08-24T00:00:00,80.79,81.3,80.34,81.23,570000.0,normal,2025-12-11T07:49:45.784400Z,2018-08-24
PNW,1d,2018-08-23T00:00:00,80.81,81.3,80.53,80.83,769200.0,normal,2025-12-11T07:49:45.784400Z,2018-08-23
PNW,1d,2018-08-22T00:00:00,81.72,81.75,80.22,80.53,590800.0,normal,2025-12-11T07:49:45.784400Z,2018-08-22
PNW,1d,2018-08-21T00:00:00,82.0,82.14,81.27,81.67,781341.0,normal,2025-12-11T07:49:45.784400Z,2018-08-21
PNW,1d,2018-08-20T00:00:00,82.44,82.6,81.92,82.17,753800.0,normal,2025-12-11T07:49:45.784400Z,2018-08-20
PNW,1d,2018-08-17T00:00:00,81.54,82.83,81.21,82.27,1510900.0,normal,2025-12-11T07:49:45.784400Z,2018-08-17
PNW,1d,2018-08-16T00:00:00,81.95,82.18,81.41,81.7,1988549.0,normal,2025-12-11T07:49:45.784400Z,2018-08-16
PNW,1d,2018-08-15T00:00:00,81.61,82.5,81.18,82.1,801400.0,normal,2025-12-11T07:49:45.784400Z,2018-08-15
PNW,1d,2018-08-14T00:00:00,81.05,81.72,81.05,81.37,697712.0,normal,2025-12-11T07:49:45.784400Z,2018-08-14
PNW,1d,2018-08-13T00:00:00,81.36,81.47,80.78,81.21,705700.0,normal,2025-12-11T07:49:45.784400Z,2018-08-13
PNW,1d,2018-08-10T00:00:00,81.56,82.38,81.21,81.3,567300.0,normal,2025-12-11T07:49:45.784400Z,2018-08-10
PNW,1d,2018-08-09T00:00:00,80.87,81.44,80.6,81.31,501220.0,normal,2025-12-11T07:49:45.784400Z,2018-08-09
PNW,1d,2018-08-08T00:00:00,80.57,81.25,80.29,80.88,652576.0,normal,2025-12-11T07:49:45.784400Z,2018-08-08
PNW,1d,2018-08-07T00:00:00,81.15,81.41,80.41,80.89,931800.0,normal,2025-12-11T07:49:45.784400Z,2018-08-07
PNW,1d,2018-08-06T00:00:00,81.56,81.7,81.0,81.13,1494434.0,normal,2025-12-11T07:49:45.784400Z,2018-08-06
PNW,1d,2018-08-03T00:00:00,80.1,80.76,78.95,80.32,1031600.0,normal,2025-12-11T07:49:45.784400Z,2018-08-03
PNW,1d,2018-08-02T00:00:00,79.46,80.31,79.16,80.05,808900.0,normal,2025-12-11T07:49:45.784400Z,2018-08-02
PNW,1d,2018-08-01T00:00:00,80.13,80.37,79.1,79.58,805100.0,normal,2025-12-11T07:49:45.784400Z,2018-08-01
PNW,1d,2018-07-31T00:00:00,80.02,80.47,79.54,80.43,918611.0,normal,2025-12-11T07:49:45.784400Z,2018-07-31
PNW,1d,2018-07-30T00:00:00,80.5,80.89,79.92,80.25,617533.0,normal,2025-12-11T07:49:45.784400Z,2018-07-30
PNW,1d,2018-07-27T00:00:00,80.94,81.28,80.31,80.66,548995.0,normal,2025-12-11T07:49:45.784400Z,2018-07-27
PNW,1d,2018-07-26T00:00:00,80.28,81.03,80.27,80.96,701209.0,normal,2025-12-11T07:49:45.784400Z,2018-07-26
PNW,1d,2018-07-25T00:00:00,78.96,79.86,77.88,79.75,1295100.0,normal,2025-12-11T07:49:45.784400Z,2018-07-25
PNW,1d,2018-07-24T00:00:00,78.89,79.22,77.56,78.98,1297369.0,normal,2025-12-11T07:49:45.784400Z,2018-07-24
PNW,1d,2018-07-23T00:00:00,80.0,80.0,78.8,79.16,670753.0,normal,2025-12-11T07:49:45.784400Z,2018-07-23
PNW,1d,2018-07-20T00:00:00,80.54,80.74,79.24,79.94,653858.0,normal,2025-12-11T07:49:45.784400Z,2018-07-20
PNW,1d,2018-07-19T00:00:00,80.2,81.17,79.92,80.78,941700.0,normal,2025-12-11T07:49:45.784400Z,2018-07-19
PNW,1d,2018-07-18T00:00:00,80.34,80.52,79.58,79.99,923434.0,normal,2025-12-11T07:49:45.784400Z,2018-07-18
PNW,1d,2018-07-17T00:00:00,80.34,80.64,80.17,80.24,489400.0,normal,2025-12-11T07:49:45.784400Z,2018-07-17
PNW,1d,2018-07-16T00:00:00,80.21,80.64,79.75,80.31,752171.0,normal,2025-12-11T07:49:45.784400Z,2018-07-16
PNW,1d,2018-07-13T00:00:00,80.4,80.7,79.81,80.15,719794.0,normal,2025-12-11T07:49:45.784400Z,2018-07-13
PNW,1d,2018-07-12T00:00:00,80.98,81.02,80.0,80.35,1110848.0,normal,2025-12-11T07:49:45.784400Z,2018-07-12
PNW,1d,2018-07-11T00:00:00,80.09,80.98,79.93,80.84,680800.0,normal,2025-12-11T07:49:45.784400Z,2018-07-11
PNW,1d,2018-07-10T00:00:00,79.24,80.2,78.66,79.91,1615300.0,normal,2025-12-11T07:49:45.784400Z,2018-07-10
PNW,1d,2018-07-09T00:00:00,82.87,83.04,78.89,79.48,1495632.0,normal,2025-12-11T07:49:45.784400Z,2018-07-09
PNW,1d,2018-07-06T00:00:00,82.41,83.05,82.33,82.74,988584.0,normal,2025-12-11T07:49:45.784400Z,2018-07-06
PNW,1d,2018-07-05T00:00:00,81.92,82.41,81.3,82.38,706545.0,normal,2025-12-11T07:49:45.784400Z,2018-07-05
PNW,1d,2018-07-03T00:00:00,81.42,82.35,81.03,81.82,301100.0,normal,2025-12-11T07:49:45.784400Z,2018-07-03
PNW,1d,2018-07-02T00:00:00,80.79,81.51,80.57,81.45,908767.0,normal,2025-12-11T07:49:45.784400Z,2018-07-02
PNW,1d,2018-06-29T00:00:00,80.3,81.07,79.92,80.56,737847.0,normal,2025-12-11T07:49:45.784400Z,2018-06-29
PNW,1d,2018-06-28T00:00:00,80.98,81.25,80.43,80.58,682933.0,normal,2025-12-11T07:49:45.784400Z,2018-06-28
PNW,1d,2018-06-27T00:00:00,80.24,81.05,79.88,80.92,607432.0,normal,2025-12-11T07:49:45.784400Z,2018-06-27
PNW,1d,2018-06-26T00:00:00,80.01,80.98,80.01,80.33,1073623.0,normal,2025-12-11T07:49:45.784400Z,2018-06-26
PNW,1d,2018-06-25T00:00:00,78.68,80.16,78.24,80.01,888000.0,normal,2025-12-11T07:49:45.784400Z,2018-06-25
PNW,1d,2018-06-22T00:00:00,77.72,78.44,77.35,78.29,1015668.0,normal,2025-12-11T07:49:45.784400Z,2018-06-22
PNW,1d,2018-06-21T00:00:00,77.56,78.14,77.2,77.53,556600.0,normal,2025-12-11T07:49:45.784400Z,2018-06-21
PNW,1d,2018-06-20T00:00:00,77.63,77.86,77.14,77.57,754805.0,normal,2025-12-11T07:49:45.784400Z,2018-06-20
PNW,1d,2018-06-19T00:00:00,76.73,77.93,76.68,77.69,989600.0,normal,2025-12-11T07:49:45.784400Z,2018-06-19
PNW,1d,2018-06-18T00:00:00,76.16,76.65,75.69,76.35,1093400.0,normal,2025-12-11T07:49:45.784400Z,2018-06-18
PNW,1d,2018-06-15T00:00:00,75.15,76.21,74.75,76.11,1585300.0,normal,2025-12-11T07:49:45.784400Z,2018-06-15
PNW,1d,2018-06-14T00:00:00,74.47,75.49,74.47,75.41,1195800.0,normal,2025-12-11T07:49:45.784400Z,2018-06-14
PNW,1d,2018-06-13T00:00:00,74.56,74.8,74.1,74.35,900525.0,normal,2025-12-11T07:49:45.784400Z,2018-06-13
PNW,1d,2018-06-12T00:00:00,73.5,74.66,73.48,74.58,870042.0,normal,2025-12-11T07:49:45.784400Z,2018-06-12
PNW,1d,2018-06-11T00:00:00,74.39,74.71,73.41,73.56,620700.0,normal,2025-12-11T07:49:45.784400Z,2018-06-11
PNW,1d,2018-06-08T00:00:00,74.66,74.79,74.1,74.4,415100.0,normal,2025-12-11T07:49:45.784400Z,2018-06-08
PNW,1d,2018-06-07T00:00:00,74.17,75.19,73.9,74.48,926122.0,normal,2025-12-11T07:49:45.784400Z,2018-06-07
PNW,1d,2018-06-06T00:00:00,75.7,75.71,73.95,74.15,1003100.0,normal,2025-12-11T07:49:45.784400Z,2018-06-06
PNW,1d,2018-06-05T00:00:00,76.46,76.53,75.58,75.7,776600.0,normal,2025-12-11T07:49:45.784400Z,2018-06-05
PNW,1d,2018-06-04T00:00:00,77.59,77.86,76.25,76.46,1396148.0,normal,2025-12-11T07:49:45.784400Z,2018-06-04
PNW,1d,2018-06-01T00:00:00,79.17,79.4,77.48,77.58,819433.0,normal,2025-12-11T07:49:45.784400Z,2018-06-01
PNW,1d,2018-05-31T00:00:00,79.85,80.29,79.08,79.61,1277500.0,normal,2025-12-11T07:49:45.784400Z,2018-05-31
PNW,1d,2018-05-30T00:00:00,78.52,79.94,78.52,79.82,805130.0,normal,2025-12-11T07:49:45.784400Z,2018-05-30
PNW,1d,2018-05-29T00:00:00,78.59,79.74,78.22,78.89,862047.0,normal,2025-12-11T07:49:45.784400Z,2018-05-29
PNW,1d,2018-05-25T00:00:00,78.14,78.63,77.89,78.39,942300.0,normal,2025-12-11T07:49:45.784400Z,2018-05-25
PNW,1d,2018-05-24T00:00:00,77.38,78.16,77.24,78.02,491645.0,normal,2025-12-11T07:49:45.784400Z,2018-05-24
PNW,1d,2018-05-23T00:00:00,76.91,77.63,76.8,77.5,725212.0,normal,2025-12-11T07:49:45.784400Z,2018-05-23
PNW,1d,2018-05-22T00:00:00,76.52,77.07,76.23,76.7,930446.0,normal,2025-12-11T07:49:45.784400Z,2018-05-22
PNW,1d,2018-05-21T00:00:00,76.48,76.61,75.82,76.23,783800.0,normal,2025-12-11T07:49:45.784400Z,2018-05-21
PNW,1d,2018-05-18T00:00:00,76.53,76.91,75.97,76.54,760200.0,normal,2025-12-11T07:49:45.784400Z,2018-05-18
PNW,1d,2018-05-17T00:00:00,77.09,77.25,76.25,76.37,687300.0,normal,2025-12-11T07:49:45.784400Z,2018-05-17
PNW,1d,2018-05-16T00:00:00,77.39,77.91,76.6,76.95,791000.0,normal,2025-12-11T07:49:45.784400Z,2018-05-16
PNW,1d,2018-05-15T00:00:00,77.28,77.82,76.8,77.24,597000.0,normal,2025-12-11T07:49:45.784400Z,2018-05-15
PNW,1d,2018-05-14T00:00:00,78.13,78.39,77.58,78.08,588747.0,normal,2025-12-11T07:49:45.784400Z,2018-05-14
PNW,1d,2018-05-11T00:00:00,78.26,78.47,78.02,78.12,455600.0,normal,2025-12-11T07:49:45.784400Z,2018-05-11
PNW,1d,2018-05-10T00:00:00,77.85,78.21,77.55,78.13,530509.0,normal,2025-12-11T07:49:45.784400Z,2018-05-10
PNW,1d,2018-05-09T00:00:00,78.3,78.69,76.96,77.41,655400.0,normal,2025-12-11T07:49:45.784400Z,2018-05-09
PNW,1d,2018-05-08T00:00:00,80.48,80.48,78.2,78.3,1065700.0,normal,2025-12-11T07:49:45.784400Z,2018-05-08
PNW,1d,2018-05-07T00:00:00,80.22,80.29,79.61,79.75,983305.0,normal,2025-12-11T07:49:45.784400Z,2018-05-07
PNW,1d,2018-05-04T00:00:00,80.3,80.73,79.84,80.2,1084900.0,normal,2025-12-11T07:49:45.784400Z,2018-05-04
PNW,1d,2018-05-03T00:00:00,79.2,80.18,78.24,79.81,1097403.0,normal,2025-12-11T07:49:45.784400Z,2018-05-03
PNW,1d,2018-05-02T00:00:00,79.39,79.99,78.59,79.42,1613217.0,normal,2025-12-11T07:49:45.784400Z,2018-05-02
PNW,1d,2018-05-01T00:00:00,80.35,80.51,79.42,80.02,904214.0,normal,2025-12-11T07:49:45.784400Z,2018-05-01
PNW,1d,2018-04-30T00:00:00,81.36,81.61,80.34,80.5,752033.0,normal,2025-12-11T07:49:45.784400Z,2018-04-30
PNW,1d,2018-04-27T00:00:00,80.88,81.85,80.67,81.61,867720.0,normal,2025-12-11T07:49:45.784400Z,2018-04-27
PNW,1d,2018-04-26T00:00:00,79.98,81.19,79.53,81.05,1100849.0,normal,2025-12-11T07:49:45.784400Z,2018-04-26
PNW,1d,2018-04-25T00:00:00,79.31,80.11,78.94,79.92,1088200.0,normal,2025-12-11T07:49:45.784400Z,2018-04-25
PNW,1d,2018-04-24T00:00:00,78.4,79.88,78.06,79.55,1340800.0,normal,2025-12-11T07:49:45.784400Z,2018-04-24
PNW,1d,2018-04-23T00:00:00,78.23,78.62,77.95,78.46,946000.0,normal,2025-12-11T07:49:45.784400Z,2018-04-23
PNW,1d,2018-04-20T00:00:00,78.82,78.82,77.55,78.02,773428.0,normal,2025-12-11T07:49:45.784400Z,2018-04-20
PNW,1d,2018-04-19T00:00:00,79.0,79.23,78.21,78.69,1099061.0,normal,2025-12-11T07:49:45.784400Z,2018-04-19
PNW,1d,2018-04-18T00:00:00,80.07,80.73,79.24,79.24,1322768.0,normal,2025-12-11T07:49:45.784400Z,2018-04-18
PNW,1d,2018-04-17T00:00:00,79.42,80.4,78.95,80.15,733607.0,normal,2025-12-11T07:49:45.784400Z,2018-04-17
PNW,1d,2018-04-16T00:00:00,78.54,79.36,78.31,79.29,707200.0,normal,2025-12-11T07:49:45.784400Z,2018-04-16
PNW,1d,2018-04-13T00:00:00,77.47,78.38,77.47,78.14,860304.0,normal,2025-12-11T07:49:45.784400Z,2018-04-13
PNW,1d,2018-04-12T00:00:00,78.55,78.79,77.14,77.3,950122.0,normal,2025-12-11T07:49:45.784400Z,2018-04-12
PNW,1d,2018-04-11T00:00:00,78.4,79.0,78.27,78.51,801900.0,normal,2025-12-11T07:49:45.784400Z,2018-04-11
PNW,1d,2018-04-10T00:00:00,79.71,79.71,78.44,78.49,1302100.0,normal,2025-12-11T07:49:45.784400Z,2018-04-10
PNW,1d,2018-04-09T00:00:00,79.81,80.37,79.3,79.7,601200.0,normal,2025-12-11T07:49:45.784400Z,2018-04-09
PNW,1d,2018-04-06T00:00:00,80.2,80.54,79.59,79.75,1035200.0,normal,2025-12-11T07:49:45.784400Z,2018-04-06
PNW,1d,2018-04-05T00:00:00,80.05,80.52,78.86,80.3,602800.0,normal,2025-12-11T07:49:45.784400Z,2018-04-05
PNW,1d,2018-04-04T00:00:00,79.96,80.18,79.13,80.06,857700.0,normal,2025-12-11T07:49:45.784400Z,2018-04-04
PNW,1d,2018-04-03T00:00:00,79.06,80.41,78.53,79.9,1153528.0,normal,2025-12-11T07:49:45.784400Z,2018-04-03
PNW,1d,2018-04-02T00:00:00,79.8,80.26,78.32,78.94,921031.0,normal,2025-12-11T07:49:45.784400Z,2018-04-02
PNW,1d,2018-03-29T00:00:00,79.68,80.21,79.48,79.8,754100.0,normal,2025-12-11T07:49:45.784400Z,2018-03-29
PNW,1d,2018-03-28T00:00:00,79.76,80.14,79.2,79.47,975134.0,normal,2025-12-11T07:49:45.784400Z,2018-03-28
PNW,1d,2018-03-27T00:00:00,78.16,80.11,77.79,79.37,741719.0,normal,2025-12-11T07:49:45.784400Z,2018-03-27
PNW,1d,2018-03-26T00:00:00,77.93,78.68,77.73,78.16,931300.0,normal,2025-12-11T07:49:45.784400Z,2018-03-26
PNW,1d,2018-03-23T00:00:00,78.12,79.13,77.46,77.76,1518100.0,normal,2025-12-11T07:49:45.784400Z,2018-03-23
PNW,1d,2018-03-22T00:00:00,78.13,80.14,77.86,77.99,1198500.0,normal,2025-12-11T07:49:45.784400Z,2018-03-22
PNW,1d,2018-03-21T00:00:00,78.01,78.69,77.6,77.95,829313.0,normal,2025-12-11T07:49:45.784400Z,2018-03-21
PNW,1d,2018-03-20T00:00:00,77.75,78.22,77.4,77.99,751000.0,normal,2025-12-11T07:49:45.784400Z,2018-03-20
PNW,1d,2018-03-19T00:00:00,78.1,78.65,77.46,77.73,799631.0,normal,2025-12-11T07:49:45.784400Z,2018-03-19
PNW,1d,2018-03-16T00:00:00,77.11,78.0,76.94,77.97,2155834.0,normal,2025-12-11T07:49:45.784400Z,2018-03-16
PNW,1d,2018-03-15T00:00:00,76.93,77.8,76.69,77.05,988744.0,normal,2025-12-11T07:49:45.784400Z,2018-03-15
PNW,1d,2018-03-14T00:00:00,76.66,77.59,76.11,76.78,825175.0,normal,2025-12-11T07:49:45.784400Z,2018-03-14
PNW,1d,2018-03-13T00:00:00,76.64,77.39,75.96,76.42,726046.0,normal,2025-12-11T07:49:45.784400Z,2018-03-13
PNW,1d,2018-03-12T00:00:00,76.42,76.72,76.08,76.32,1202484.0,normal,2025-12-11T07:49:45.784400Z,2018-03-12
PNW,1d,2018-03-09T00:00:00,75.96,76.38,75.53,76.38,946900.0,normal,2025-12-11T07:49:45.784400Z,2018-03-09
PNW,1d,2018-03-08T00:00:00,76.16,76.34,75.59,75.97,806545.0,normal,2025-12-11T07:49:45.784400Z,2018-03-08
PNW,1d,2018-03-07T00:00:00,76.1,76.47,75.21,75.43,974819.0,normal,2025-12-11T07:49:45.784400Z,2018-03-07
PNW,1d,2018-03-06T00:00:00,77.91,78.31,76.02,76.3,925200.0,normal,2025-12-11T07:49:45.784400Z,2018-03-06
PNW,1d,2018-03-05T00:00:00,76.52,78.13,76.25,78.05,600500.0,normal,2025-12-11T07:49:45.784400Z,2018-03-05
PNW,1d,2018-03-02T00:00:00,77.45,78.32,76.06,76.92,802500.0,normal,2025-12-11T07:49:45.784400Z,2018-03-02
PNW,1d,2018-03-01T00:00:00,76.92,78.14,76.42,77.52,1017059.0,normal,2025-12-11T07:49:45.784400Z,2018-03-01
PNW,1d,2018-02-28T00:00:00,78.02,78.39,76.93,76.96,1106700.0,normal,2025-12-11T07:49:45.784400Z,2018-02-28
PNW,1d,2018-02-27T00:00:00,80.27,80.76,77.93,77.94,1029800.0,normal,2025-12-11T07:49:45.784400Z,2018-02-27
PNW,1d,2018-02-26T00:00:00,79.97,80.83,79.77,80.28,1743700.0,normal,2025-12-11T07:49:45.784400Z,2018-02-26
PNW,1d,2018-02-23T00:00:00,77.03,80.41,76.26,80.15,2196523.0,normal,2025-12-11T07:49:45.784400Z,2018-02-23
PNW,1d,2018-02-22T00:00:00,76.38,77.16,75.92,76.74,1563800.0,normal,2025-12-11T07:49:45.784400Z,2018-02-22
PNW,1d,2018-02-21T00:00:00,77.34,77.89,76.09,76.1,687309.0,normal,2025-12-11T07:49:45.784400Z,2018-02-21
PNW,1d,2018-02-20T00:00:00,78.2,78.71,77.01,77.2,572840.0,normal,2025-12-11T07:49:45.784400Z,2018-02-20
PNW,1d,2018-02-16T00:00:00,77.91,78.88,77.62,78.69,843300.0,normal,2025-12-11T07:49:45.784400Z,2018-02-16
PNW,1d,2018-02-15T00:00:00,76.24,78.08,76.1,78.06,571601.0,normal,2025-12-11T07:49:45.784400Z,2018-02-15
PNW,1d,2018-02-14T00:00:00,76.23,76.66,75.76,76.09,579531.0,normal,2025-12-11T07:49:45.784400Z,2018-02-14
PNW,1d,2018-02-13T00:00:00,76.73,77.16,75.77,76.82,608425.0,normal,2025-12-11T07:49:45.784400Z,2018-02-13
PNW,1d,2018-02-12T00:00:00,76.29,77.11,75.61,76.73,935318.0,normal,2025-12-11T07:49:45.784400Z,2018-02-12
PNW,1d,2018-02-09T00:00:00,74.36,77.06,74.36,76.29,867304.0,normal,2025-12-11T07:49:45.784400Z,2018-02-09
PNW,1d,2018-02-08T00:00:00,74.77,76.31,74.32,74.34,1342531.0,normal,2025-12-11T07:49:45.784400Z,2018-02-08
PNW,1d,2018-02-07T00:00:00,75.22,76.45,75.12,75.16,984400.0,normal,2025-12-11T07:49:45.784400Z,2018-02-07
PNW,1d,2018-02-06T00:00:00,75.27,75.71,73.81,75.16,1267445.0,normal,2025-12-11T07:49:45.784400Z,2018-02-06
PNW,1d,2018-02-05T00:00:00,77.62,78.35,75.94,75.98,919045.0,normal,2025-12-11T07:49:45.784400Z,2018-02-05
PNW,1d,2018-02-02T00:00:00,77.9,78.78,77.69,77.73,681600.0,normal,2025-12-11T07:49:45.784400Z,2018-02-02
PNW,1d,2018-02-01T00:00:00,79.63,80.07,78.29,78.46,955133.0,normal,2025-12-11T07:49:45.784400Z,2018-02-01
PNW,1d,2018-01-31T00:00:00,78.86,80.05,78.31,79.95,1124400.0,normal,2025-12-11T07:49:45.784400Z,2018-01-31
PNW,1d,2018-01-30T00:00:00,79.42,79.89,79.04,79.33,770022.0,normal,2025-12-11T07:49:45.784400Z,2018-01-30
PNW,1d,2018-01-29T00:00:00,80.65,80.65,79.38,79.39,585635.0,normal,2025-12-11T07:49:45.784400Z,2018-01-29
PNW,1d,2018-01-26T00:00:00,81.28,81.33,79.96,80.94,523900.0,normal,2025-12-11T07:49:45.784400Z,2018-01-26
PNW,1d,2018-01-25T00:00:00,80.13,81.19,80.13,81.05,704000.0,normal,2025-12-11T07:49:45.784400Z,2018-01-25
PNW,1d,2018-01-24T00:00:00,79.95,80.59,79.61,80.22,1054007.0,normal,2025-12-11T07:49:45.784400Z,2018-01-24
PNW,1d,2018-01-23T00:00:00,78.88,80.39,78.81,79.89,738100.0,normal,2025-12-11T07:49:45.784400Z,2018-01-23
PNW,1d,2018-01-22T00:00:00,79.56,79.73,78.83,78.96,683730.0,normal,2025-12-11T07:49:45.784400Z,2018-01-22
PNW,1d,2018-01-19T00:00:00,79.37,79.92,78.95,79.08,779059.0,normal,2025-12-11T07:49:45.784400Z,2018-01-19
PNW,1d,2018-01-18T00:00:00,79.62,79.78,78.76,79.21,656602.0,normal,2025-12-11T07:49:45.784400Z,2018-01-18
PNW,1d,2018-01-17T00:00:00,79.08,79.82,78.56,79.53,944200.0,normal,2025-12-11T07:49:45.784400Z,2018-01-17
PNW,1d,2018-01-16T00:00:00,79.46,79.89,78.55,78.86,760500.0,normal,2025-12-11T07:49:45.784400Z,2018-01-16
PNW,1d,2018-01-12T00:00:00,79.79,80.13,79.11,79.22,748717.0,normal,2025-12-11T07:49:45.784400Z,2018-01-12
PNW,1d,2018-01-11T00:00:00,80.38,80.88,79.69,79.92,432800.0,normal,2025-12-11T07:49:45.784400Z,2018-01-11
PNW,1d,2018-01-10T00:00:00,81.67,81.81,80.53,80.57,458105.0,normal,2025-12-11T07:49:45.784400Z,2018-01-10
PNW,1d,2018-01-09T00:00:00,82.92,83.18,81.97,82.02,572358.0,normal,2025-12-11T07:49:45.784400Z,2018-01-09
PNW,1d,2018-01-08T00:00:00,82.39,83.05,82.21,83.05,592806.0,normal,2025-12-11T07:49:45.784400Z,2018-01-08
PNW,1d,2018-01-05T00:00:00,82.69,82.77,82.02,82.42,907315.0,normal,2025-12-11T07:49:45.784400Z,2018-01-05
PNW,1d,2018-01-04T00:00:00,82.95,83.51,82.33,82.51,669300.0,normal,2025-12-11T07:49:45.784400Z,2018-01-04
PNW,1d,2018-01-03T00:00:00,83.08,84.26,82.79,83.12,930252.0,normal,2025-12-11T07:49:45.784400Z,2018-01-03
PNW,1d,2018-01-02T00:00:00,85.3,85.55,83.74,83.89,748048.0,normal,2025-12-11T07:49:45.784400Z,2018-01-02
PNW,1d,2017-12-29T00:00:00,85.33,85.5,84.88,85.18,512815.0,normal,2025-12-11T07:49:45.784400Z,2017-12-29
PNW,1d,2017-12-28T00:00:00,84.93,85.24,84.45,85.2,427330.0,normal,2025-12-11T07:49:45.784400Z,2017-12-28
PNW,1d,2017-12-27T00:00:00,84.47,84.94,84.31,84.62,337800.0,normal,2025-12-11T07:49:45.784400Z,2017-12-27
PNW,1d,2017-12-26T00:00:00,85.14,85.55,84.26,84.29,484352.0,normal,2025-12-11T07:49:45.784400Z,2017-12-26
PNW,1d,2017-12-22T00:00:00,85.33,85.57,85.08,85.14,423754.0,normal,2025-12-11T07:49:45.784400Z,2017-12-22
PNW,1d,2017-12-21T00:00:00,85.24,85.67,84.81,85.21,736735.0,normal,2025-12-11T07:49:45.784400Z,2017-12-21
PNW,1d,2017-12-20T00:00:00,86.59,86.73,85.79,85.8,633100.0,normal,2025-12-11T07:49:45.784400Z,2017-12-20
PNW,1d,2017-12-19T00:00:00,88.22,88.54,86.57,86.59,530299.0,normal,2025-12-11T07:49:45.784400Z,2017-12-19
PNW,1d,2017-12-18T00:00:00,89.5,89.9,88.07,88.23,469300.0,normal,2025-12-11T07:49:45.784400Z,2017-12-18
PNW,1d,2017-12-15T00:00:00,89.19,89.83,89.1,89.54,1090016.0,normal,2025-12-11T07:49:45.784400Z,2017-12-15
PNW,1d,2017-12-14T00:00:00,89.33,89.33,88.2,88.97,331334.0,normal,2025-12-11T07:49:45.784400Z,2017-12-14
PNW,1d,2017-12-13T00:00:00,89.41,89.92,89.01,89.3,613500.0,normal,2025-12-11T07:49:45.784400Z,2017-12-13
PNW,1d,2017-12-12T00:00:00,91.0,91.26,89.09,89.12,523842.0,normal,2025-12-11T07:49:45.784400Z,2017-12-12
PNW,1d,2017-12-11T00:00:00,90.65,91.28,90.44,91.22,562132.0,normal,2025-12-11T07:49:45.784400Z,2017-12-11
PNW,1d,2017-12-08T00:00:00,90.06,90.79,89.75,90.75,413300.0,normal,2025-12-11T07:49:45.784400Z,2017-12-08
PNW,1d,2017-12-07T00:00:00,89.85,90.2,89.36,90.15,517831.0,normal,2025-12-11T07:49:45.784400Z,2017-12-07
PNW,1d,2017-12-06T00:00:00,89.53,90.28,89.1,89.91,497151.0,normal,2025-12-11T07:49:45.784400Z,2017-12-06
PNW,1d,2017-12-05T00:00:00,90.31,90.31,88.66,89.34,623008.0,normal,2025-12-11T07:49:45.784400Z,2017-12-05
PNW,1d,2017-12-04T00:00:00,91.19,91.52,90.01,90.21,836919.0,normal,2025-12-11T07:49:45.784400Z,2017-12-04
PNW,1d,2017-12-01T00:00:00,92.03,92.3,90.79,91.01,590803.0,normal,2025-12-11T07:49:45.784400Z,2017-12-01
PNW,1d,2017-11-30T00:00:00,91.01,92.02,90.75,91.81,1174808.0,normal,2025-12-11T07:49:45.784400Z,2017-11-30
PNW,1d,2017-11-29T00:00:00,90.59,91.64,90.31,91.01,527034.0,normal,2025-12-11T07:49:45.784400Z,2017-11-29
PNW,1d,2017-11-28T00:00:00,90.36,90.9,90.28,90.78,634000.0,normal,2025-12-11T07:49:45.784400Z,2017-11-28
PNW,1d,2017-11-27T00:00:00,89.59,90.05,89.23,90.01,627529.0,normal,2025-12-11T07:49:45.784400Z,2017-11-27
PNW,1d,2017-11-24T00:00:00,89.44,89.65,89.31,89.52,148300.0,normal,2025-12-11T07:49:45.784400Z,2017-11-24
PNW,1d,2017-11-22T00:00:00,89.37,89.69,88.93,89.28,468306.0,normal,2025-12-11T07:49:45.784400Z,2017-11-22
PNW,1d,2017-11-21T00:00:00,89.48,89.98,89.12,89.38,774700.0,normal,2025-12-11T07:49:45.784400Z,2017-11-21
PNW,1d,2017-11-20T00:00:00,90.08,90.25,89.33,89.35,440100.0,normal,2025-12-11T07:49:45.784400Z,2017-11-20
PNW,1d,2017-11-17T00:00:00,90.58,91.14,89.84,90.05,490300.0,normal,2025-12-11T07:49:45.784400Z,2017-11-17
PNW,1d,2017-11-16T00:00:00,90.69,91.0,90.14,90.78,567300.0,normal,2025-12-11T07:49:45.784400Z,2017-11-16
PNW,1d,2017-11-15T00:00:00,91.86,92.48,90.7,90.78,697674.0,normal,2025-12-11T07:49:45.784400Z,2017-11-15
PNW,1d,2017-11-14T00:00:00,89.62,91.76,89.45,91.71,1153621.0,normal,2025-12-11T07:49:45.784400Z,2017-11-14
PNW,1d,2017-11-13T00:00:00,88.28,89.94,88.28,89.79,676900.0,normal,2025-12-11T07:49:45.784400Z,2017-11-13
PNW,1d,2017-11-10T00:00:00,89.0,89.04,88.14,88.34,731400.0,normal,2025-12-11T07:49:45.784400Z,2017-11-10
PNW,1d,2017-11-09T00:00:00,89.49,89.99,89.2,89.39,591008.0,normal,2025-12-11T07:49:45.784400Z,2017-11-09
PNW,1d,2017-11-08T00:00:00,89.67,90.0,89.02,89.79,639800.0,normal,2025-12-11T07:49:45.784400Z,2017-11-08
PNW,1d,2017-11-07T00:00:00,88.82,89.78,88.79,89.72,1010420.0,normal,2025-12-11T07:49:45.784400Z,2017-11-07
PNW,1d,2017-11-06T00:00:00,89.02,89.49,88.7,88.91,819533.0,normal,2025-12-11T07:49:45.784400Z,2017-11-06
PNW,1d,2017-11-03T00:00:00,86.6,89.21,86.23,89.12,920700.0,normal,2025-12-11T07:49:45.784400Z,2017-11-03
PNW,1d,2017-11-02T00:00:00,87.63,88.34,87.44,87.92,596914.0,normal,2025-12-11T07:49:45.784400Z,2017-11-02
PNW,1d,2017-11-01T00:00:00,87.91,88.22,87.16,87.46,663187.0,normal,2025-12-11T07:49:45.784400Z,2017-11-01
PNW,1d,2017-10-31T00:00:00,87.47,88.05,87.11,87.71,704238.0,normal,2025-12-11T07:49:45.784400Z,2017-10-31
PNW,1d,2017-10-30T00:00:00,88.9,88.9,88.18,88.22,539000.0,normal,2025-12-11T07:49:45.784400Z,2017-10-30
PNW,1d,2017-10-27T00:00:00,88.01,88.95,87.54,88.91,550007.0,normal,2025-12-11T07:49:45.784400Z,2017-10-27
PNW,1d,2017-10-26T00:00:00,88.71,89.22,88.09,88.14,709935.0,normal,2025-12-11T07:49:45.784400Z,2017-10-26
PNW,1d,2017-10-25T00:00:00,88.22,88.47,87.04,88.25,520200.0,normal,2025-12-11T07:49:45.784400Z,2017-10-25
PNW,1d,2017-10-24T00:00:00,88.68,88.83,88.01,88.43,629800.0,normal,2025-12-11T07:49:45.784400Z,2017-10-24
PNW,1d,2017-10-23T00:00:00,88.94,89.0,88.51,88.81,647526.0,normal,2025-12-11T07:49:45.784400Z,2017-10-23
PNW,1d,2017-10-20T00:00:00,88.49,88.84,88.17,88.78,593405.0,normal,2025-12-11T07:49:45.784400Z,2017-10-20
PNW,1d,2017-10-19T00:00:00,87.62,88.57,87.56,88.57,595718.0,normal,2025-12-11T07:49:45.784400Z,2017-10-19
PNW,1d,2017-10-18T00:00:00,87.57,87.88,87.2,87.34,771986.0,normal,2025-12-11T07:49:45.784400Z,2017-10-18
PNW,1d,2017-10-17T00:00:00,87.02,88.03,87.02,87.76,649909.0,normal,2025-12-11T07:49:45.784400Z,2017-10-17
PNW,1d,2017-10-16T00:00:00,87.23,87.88,86.79,87.27,689515.0,normal,2025-12-11T07:49:45.784400Z,2017-10-16
PNW,1d,2017-10-13T00:00:00,87.53,88.04,87.0,87.38,950600.0,normal,2025-12-11T07:49:45.784400Z,2017-10-13
PNW,1d,2017-10-12T00:00:00,86.48,87.44,86.48,87.31,956104.0,normal,2025-12-11T07:49:45.784400Z,2017-10-12
PNW,1d,2017-10-11T00:00:00,85.74,86.83,85.74,86.4,749041.0,normal,2025-12-11T07:49:45.784400Z,2017-10-11
PNW,1d,2017-10-10T00:00:00,85.52,86.03,85.17,85.8,789438.0,normal,2025-12-11T07:49:45.784400Z,2017-10-10
PNW,1d,2017-10-09T00:00:00,85.5,85.7,85.23,85.37,330435.0,normal,2025-12-11T07:49:45.784400Z,2017-10-09
PNW,1d,2017-10-06T00:00:00,85.22,85.5,84.77,85.33,833333.0,normal,2025-12-11T07:49:45.784400Z,2017-10-06
PNW,1d,2017-10-05T00:00:00,85.84,85.89,85.21,85.55,881100.0,normal,2025-12-11T07:49:45.784400Z,2017-10-05
PNW,1d,2017-10-04T00:00:00,85.05,85.85,84.81,85.78,1026339.0,normal,2025-12-11T07:49:45.784400Z,2017-10-04
PNW,1d,2017-10-03T00:00:00,85.35,85.35,84.14,85.0,851065.0,normal,2025-12-11T07:49:45.784400Z,2017-10-03
PNW,1d,2017-10-02T00:00:00,84.76,85.52,84.67,85.29,999833.0,normal,2025-12-11T07:49:45.784400Z,2017-10-02
PNW,1d,2017-09-29T00:00:00,84.73,85.0,84.19,84.56,662900.0,normal,2025-12-11T07:49:45.784400Z,2017-09-29
PNW,1d,2017-09-28T00:00:00,84.61,85.1,84.21,84.91,673639.0,normal,2025-12-11T07:49:45.784400Z,2017-09-28
PNW,1d,2017-09-27T00:00:00,85.95,86.27,83.95,84.76,754300.0,normal,2025-12-11T07:49:45.784400Z,2017-09-27
PNW,1d,2017-09-26T00:00:00,86.83,87.17,86.47,86.48,683300.0,normal,2025-12-11T07:49:45.784400Z,2017-09-26
PNW,1d,2017-09-25T00:00:00,86.07,87.04,85.85,86.85,418800.0,normal,2025-12-11T07:49:45.784400Z,2017-09-25
PNW,1d,2017-09-22T00:00:00,87.28,87.28,86.14,86.15,515917.0,normal,2025-12-11T07:49:45.784400Z,2017-09-22
PNW,1d,2017-09-21T00:00:00,87.25,87.7,86.97,87.12,355932.0,normal,2025-12-11T07:49:45.784400Z,2017-09-21
PNW,1d,2017-09-20T00:00:00,88.4,88.59,86.84,87.3,694200.0,normal,2025-12-11T07:49:45.784400Z,2017-09-20
PNW,1d,2017-09-19T00:00:00,88.34,88.44,87.9,88.28,635303.0,normal,2025-12-11T07:49:45.784400Z,2017-09-19
PNW,1d,2017-09-18T00:00:00,89.19,89.29,87.77,88.34,795700.0,normal,2025-12-11T07:49:45.784400Z,2017-09-18
PNW,1d,2017-09-15T00:00:00,89.1,89.33,88.27,89.27,1442100.0,normal,2025-12-11T07:49:45.784400Z,2017-09-15
PNW,1d,2017-09-14T00:00:00,88.03,88.98,87.79,88.97,532823.0,normal,2025-12-11T07:49:45.784400Z,2017-09-14
PNW,1d,2017-09-13T00:00:00,88.85,89.22,88.1,88.12,612367.0,normal,2025-12-11T07:49:45.784400Z,2017-09-13
PNW,1d,2017-09-12T00:00:00,90.73,90.86,88.66,88.91,467310.0,normal,2025-12-11T07:49:45.784400Z,2017-09-12
PNW,1d,2017-09-11T00:00:00,89.94,90.92,89.65,90.75,547000.0,normal,2025-12-11T07:49:45.784400Z,2017-09-11
PNW,1d,2017-09-08T00:00:00,89.59,90.16,89.19,90.01,491736.0,normal,2025-12-11T07:49:45.784400Z,2017-09-08
PNW,1d,2017-09-07T00:00:00,89.16,89.62,88.94,89.54,594233.0,normal,2025-12-11T07:49:45.784400Z,2017-09-07
PNW,1d,2017-09-06T00:00:00,89.86,89.86,88.98,89.0,523019.0,normal,2025-12-11T07:49:45.784400Z,2017-09-06
PNW,1d,2017-09-05T00:00:00,89.84,89.98,89.4,89.69,653432.0,normal,2025-12-11T07:49:45.784400Z,2017-09-05
PNW,1d,2017-09-01T00:00:00,90.14,90.19,89.46,89.86,442723.0,normal,2025-12-11T07:49:45.784400Z,2017-09-01
PNW,1d,2017-08-31T00:00:00,90.09,90.26,89.86,89.97,559309.0,normal,2025-12-11T07:49:45.784400Z,2017-08-31
PNW,1d,2017-08-30T00:00:00,90.23,90.62,89.94,89.99,500659.0,normal,2025-12-11T07:49:45.784400Z,2017-08-30
PNW,1d,2017-08-29T00:00:00,90.59,90.87,90.31,90.41,347800.0,normal,2025-12-11T07:49:45.784400Z,2017-08-29
PNW,1d,2017-08-28T00:00:00,90.21,90.47,89.96,90.44,595333.0,normal,2025-12-11T07:49:45.784400Z,2017-08-28
PNW,1d,2017-08-25T00:00:00,90.1,90.41,89.82,90.02,597781.0,normal,2025-12-11T07:49:45.784400Z,2017-08-25
PNW,1d,2017-08-24T00:00:00,89.86,90.33,89.64,89.9,520700.0,normal,2025-12-11T07:49:45.784400Z,2017-08-24
PNW,1d,2017-08-23T00:00:00,89.5,90.01,89.14,89.92,511700.0,normal,2025-12-11T07:49:45.784400Z,2017-08-23
PNW,1d,2017-08-22T00:00:00,89.12,89.61,88.69,89.48,693212.0,normal,2025-12-11T07:49:45.784400Z,2017-08-22
PNW,1d,2017-08-21T00:00:00,89.43,89.57,88.63,89.2,1105100.0,normal,2025-12-11T07:49:45.784400Z,2017-08-21
PNW,1d,2017-08-18T00:00:00,88.78,89.7,88.41,89.29,629304.0,normal,2025-12-11T07:49:45.784400Z,2017-08-18
PNW,1d,2017-08-17T00:00:00,89.63,89.91,88.84,88.88,358811.0,normal,2025-12-11T07:49:45.784400Z,2017-08-17
PNW,1d,2017-08-16T00:00:00,89.32,89.79,88.75,89.62,364900.0,normal,2025-12-11T07:49:45.784400Z,2017-08-16
PNW,1d,2017-08-15T00:00:00,88.53,89.26,88.52,89.23,584541.0,normal,2025-12-11T07:49:45.784400Z,2017-08-15
PNW,1d,2017-08-14T00:00:00,88.9,89.15,88.42,88.84,702104.0,normal,2025-12-11T07:49:45.784400Z,2017-08-14
PNW,1d,2017-08-11T00:00:00,88.87,88.95,87.98,88.53,437707.0,normal,2025-12-11T07:49:45.784400Z,2017-08-11
PNW,1d,2017-08-10T00:00:00,88.33,89.11,87.98,88.97,499101.0,normal,2025-12-11T07:49:45.784400Z,2017-08-10
PNW,1d,2017-08-09T00:00:00,88.85,88.85,88.25,88.32,691829.0,normal,2025-12-11T07:49:45.784400Z,2017-08-09
PNW,1d,2017-08-08T00:00:00,88.38,88.81,88.06,88.73,720050.0,normal,2025-12-11T07:49:45.784400Z,2017-08-08
PNW,1d,2017-08-07T00:00:00,88.2,88.63,87.95,88.59,1096400.0,normal,2025-12-11T07:49:45.784400Z,2017-08-07
PNW,1d,2017-08-04T00:00:00,88.54,88.95,87.99,88.06,735000.0,normal,2025-12-11T07:49:45.784400Z,2017-08-04
PNW,1d,2017-08-03T00:00:00,86.35,88.8,85.35,88.72,939900.0,normal,2025-12-11T07:49:45.784400Z,2017-08-03
PNW,1d,2017-08-02T00:00:00,87.09,87.62,86.62,87.24,759654.0,normal,2025-12-11T07:49:45.784400Z,2017-08-02
PNW,1d,2017-08-01T00:00:00,86.8,87.29,86.55,87.13,542655.0,normal,2025-12-11T07:49:45.784400Z,2017-08-01
PNW,1d,2017-07-31T00:00:00,86.18,86.91,86.17,86.73,952880.0,normal,2025-12-11T07:49:45.784400Z,2017-07-31
PNW,1d,2017-07-28T00:00:00,86.4,86.81,85.75,86.14,339492.0,normal,2025-12-11T07:49:45.784400Z,2017-07-28
PNW,1d,2017-07-27T00:00:00,86.76,87.09,86.47,86.96,526200.0,normal,2025-12-11T07:49:45.784400Z,2017-07-27
PNW,1d,2017-07-26T00:00:00,86.04,86.89,85.93,86.89,696137.0,normal,2025-12-11T07:49:45.784400Z,2017-07-26
PNW,1d,2017-07-25T00:00:00,86.46,86.65,85.89,86.1,497800.0,normal,2025-12-11T07:49:45.784400Z,2017-07-25
PNW,1d,2017-07-24T00:00:00,87.25,87.38,86.48,86.48,601202.0,normal,2025-12-11T07:49:45.784400Z,2017-07-24
PNW,1d,2017-07-21T00:00:00,86.6,87.25,86.33,87.23,531414.0,normal,2025-12-11T07:49:45.784400Z,2017-07-21
PNW,1d,2017-07-20T00:00:00,86.25,86.76,86.12,86.56,542300.0,normal,2025-12-11T07:49:45.784400Z,2017-07-20
PNW,1d,2017-07-19T00:00:00,85.86,86.08,85.68,86.01,448500.0,normal,2025-12-11T07:49:45.784400Z,2017-07-19
PNW,1d,2017-07-18T00:00:00,85.76,85.92,85.23,85.76,690626.0,normal,2025-12-11T07:49:45.784400Z,2017-07-18
PNW,1d,2017-07-17T00:00:00,85.33,85.57,84.95,85.56,626700.0,normal,2025-12-11T07:49:45.784400Z,2017-07-17
PNW,1d,2017-07-14T00:00:00,85.22,85.68,84.87,85.13,791145.0,normal,2025-12-11T07:49:45.784400Z,2017-07-14
PNW,1d,2017-07-13T00:00:00,84.98,85.17,84.48,84.72,851106.0,normal,2025-12-11T07:49:45.784400Z,2017-07-13
PNW,1d,2017-07-12T00:00:00,84.93,85.34,84.86,85.09,634585.0,normal,2025-12-11T07:49:45.784400Z,2017-07-12
PNW,1d,2017-07-11T00:00:00,84.26,84.56,83.95,84.35,401788.0,normal,2025-12-11T07:49:45.784400Z,2017-07-11
PNW,1d,2017-07-10T00:00:00,84.72,84.92,84.17,84.2,494200.0,normal,2025-12-11T07:49:45.784400Z,2017-07-10
PNW,1d,2017-07-07T00:00:00,84.36,84.96,84.29,84.67,466301.0,normal,2025-12-11T07:49:45.784400Z,2017-07-07
PNW,1d,2017-07-06T00:00:00,84.47,84.63,84.14,84.36,497413.0,normal,2025-12-11T07:49:45.784400Z,2017-07-06
PNW,1d,2017-07-05T00:00:00,85.01,85.04,84.24,84.64,755820.0,normal,2025-12-11T07:49:45.784400Z,2017-07-05
PNW,1d,2017-07-03T00:00:00,85.4,85.87,84.82,84.82,405000.0,normal,2025-12-11T07:49:45.784400Z,2017-07-03
PNW,1d,2017-06-30T00:00:00,85.18,85.71,85.03,85.16,1062605.0,normal,2025-12-11T07:49:45.784400Z,2017-06-30
PNW,1d,2017-06-29T00:00:00,86.03,86.05,84.93,85.19,1689301.0,normal,2025-12-11T07:49:45.784400Z,2017-06-29
PNW,1d,2017-06-28T00:00:00,87.65,87.78,86.42,86.51,1013530.0,normal,2025-12-11T07:49:45.784400Z,2017-06-28
PNW,1d,2017-06-27T00:00:00,87.9,88.04,87.21,87.3,487025.0,normal,2025-12-11T07:49:45.784400Z,2017-06-27
PNW,1d,2017-06-26T00:00:00,88.0,88.71,87.64,88.2,653000.0,normal,2025-12-11T07:49:45.784400Z,2017-06-26
PNW,1d,2017-06-23T00:00:00,88.18,88.49,87.7,87.84,1085400.0,normal,2025-12-11T07:49:45.784400Z,2017-06-23
PNW,1d,2017-06-22T00:00:00,88.4,88.73,88.06,88.17,528300.0,normal,2025-12-11T07:49:45.784400Z,2017-06-22
PNW,1d,2017-06-21T00:00:00,88.98,88.98,88.27,88.6,846900.0,normal,2025-12-11T07:49:45.784400Z,2017-06-21
PNW,1d,2017-06-20T00:00:00,88.74,89.12,88.68,88.81,565900.0,normal,2025-12-11T07:49:45.784400Z,2017-06-20
PNW,1d,2017-06-19T00:00:00,89.01,89.01,88.41,88.7,675500.0,normal,2025-12-11T07:49:45.784400Z,2017-06-19
PNW,1d,2017-06-16T00:00:00,88.46,89.06,88.35,88.92,1175200.0,normal,2025-12-11T07:49:45.784400Z,2017-06-16
PNW,1d,2017-06-15T00:00:00,87.99,88.68,87.65,88.64,573000.0,normal,2025-12-11T07:49:45.784400Z,2017-06-15
PNW,1d,2017-06-14T00:00:00,88.26,88.73,87.76,88.06,851400.0,normal,2025-12-11T07:49:45.784400Z,2017-06-14
PNW,1d,2017-06-13T00:00:00,87.44,87.67,86.92,87.5,645500.0,normal,2025-12-11T07:49:45.784400Z,2017-06-13
PNW,1d,2017-06-12T00:00:00,87.99,88.39,86.77,87.45,525700.0,normal,2025-12-11T07:49:45.784400Z,2017-06-12
PNW,1d,2017-06-09T00:00:00,87.78,88.25,87.28,87.99,884102.0,normal,2025-12-11T07:49:45.784400Z,2017-06-09
PNW,1d,2017-06-08T00:00:00,88.09,88.09,87.12,87.85,722200.0,normal,2025-12-11T07:49:45.784400Z,2017-06-08
PNW,1d,2017-06-07T00:00:00,88.12,88.43,87.77,88.06,829400.0,normal,2025-12-11T07:49:45.784400Z,2017-06-07
PNW,1d,2017-06-06T00:00:00,88.59,88.6,87.92,87.96,748600.0,normal,2025-12-11T07:49:45.784400Z,2017-06-06
PNW,1d,2017-06-05T00:00:00,89.23,89.23,88.32,88.36,465300.0,normal,2025-12-11T07:49:45.784400Z,2017-06-05
PNW,1d,2017-06-02T00:00:00,89.56,89.56,88.85,89.22,343633.0,normal,2025-12-11T07:49:45.784400Z,2017-06-02
PNW,1d,2017-06-01T00:00:00,88.3,89.05,87.91,89.03,602136.0,normal,2025-12-11T07:49:45.784400Z,2017-06-01
PNW,1d,2017-05-31T00:00:00,87.88,88.65,87.83,88.35,930100.0,normal,2025-12-11T07:49:45.784400Z,2017-05-31
PNW,1d,2017-05-30T00:00:00,87.4,87.78,87.23,87.72,759000.0,normal,2025-12-11T07:49:45.784400Z,2017-05-30
PNW,1d,2017-05-26T00:00:00,87.42,87.8,87.24,87.4,524200.0,normal,2025-12-11T07:49:45.784400Z,2017-05-26
PNW,1d,2017-05-25T00:00:00,86.55,87.62,86.24,87.46,723040.0,normal,2025-12-11T07:49:45.784400Z,2017-05-25
PNW,1d,2017-05-24T00:00:00,85.83,86.63,85.83,86.44,670175.0,normal,2025-12-11T07:49:45.784400Z,2017-05-24
PNW,1d,2017-05-23T00:00:00,85.3,86.37,85.0,85.78,585200.0,normal,2025-12-11T07:49:45.784400Z,2017-05-23
PNW,1d,2017-05-22T00:00:00,84.41,85.39,84.05,85.15,710900.0,normal,2025-12-11T07:49:45.784400Z,2017-05-22
PNW,1d,2017-05-19T00:00:00,84.64,84.82,83.93,84.57,868354.0,normal,2025-12-11T07:49:45.784400Z,2017-05-19
PNW,1d,2017-05-18T00:00:00,84.38,84.77,83.52,84.61,1140200.0,normal,2025-12-11T07:49:45.784400Z,2017-05-18
PNW,1d,2017-05-17T00:00:00,83.89,84.41,83.7,84.1,697916.0,normal,2025-12-11T07:49:45.784400Z,2017-05-17
PNW,1d,2017-05-16T00:00:00,84.53,84.88,83.78,83.89,700758.0,normal,2025-12-11T07:49:45.784400Z,2017-05-16
PNW,1d,2017-05-15T00:00:00,84.62,85.28,84.46,84.52,867432.0,normal,2025-12-11T07:49:45.784400Z,2017-05-15
PNW,1d,2017-05-12T00:00:00,84.42,84.84,84.35,84.76,691742.0,normal,2025-12-11T07:49:45.784400Z,2017-05-12
PNW,1d,2017-05-11T00:00:00,84.05,84.29,83.63,84.29,663000.0,normal,2025-12-11T07:49:45.784400Z,2017-05-11
PNW,1d,2017-05-10T00:00:00,84.11,84.36,83.77,84.19,665200.0,normal,2025-12-11T07:49:45.784400Z,2017-05-10
PNW,1d,2017-05-09T00:00:00,84.79,84.79,83.96,84.14,570320.0,normal,2025-12-11T07:49:45.784400Z,2017-05-09
PNW,1d,2017-05-08T00:00:00,84.99,85.09,84.19,84.91,514700.0,normal,2025-12-11T07:49:45.784400Z,2017-05-08
PNW,1d,2017-05-05T00:00:00,84.85,85.35,84.45,84.87,771500.0,normal,2025-12-11T07:49:45.784400Z,2017-05-05
PNW,1d,2017-05-04T00:00:00,84.11,84.58,83.84,84.45,728944.0,normal,2025-12-11T07:49:45.784400Z,2017-05-04
PNW,1d,2017-05-03T00:00:00,84.39,84.83,83.95,84.36,965018.0,normal,2025-12-11T07:49:45.784400Z,2017-05-03
PNW,1d,2017-05-02T00:00:00,84.97,84.99,84.03,84.7,666040.0,normal,2025-12-11T07:49:45.784400Z,2017-05-02
PNW,1d,2017-05-01T00:00:00,85.11,85.2,83.81,84.06,1214000.0,normal,2025-12-11T07:49:45.784400Z,2017-05-01
PNW,1d,2017-04-28T00:00:00,85.91,86.06,84.72,85.09,1284801.0,normal,2025-12-11T07:49:45.784400Z,2017-04-28
PNW,1d,2017-04-27T00:00:00,85.37,86.35,85.37,86.1,685500.0,normal,2025-12-11T07:49:45.784400Z,2017-04-27
PNW,1d,2017-04-26T00:00:00,86.16,86.63,85.91,86.25,717914.0,normal,2025-12-11T07:49:45.784400Z,2017-04-26
PNW,1d,2017-04-25T00:00:00,85.84,86.41,85.39,86.36,980500.0,normal,2025-12-11T07:49:45.784400Z,2017-04-25
PNW,1d,2017-04-24T00:00:00,85.86,86.21,85.19,86.18,882815.0,normal,2025-12-11T07:49:45.784400Z,2017-04-24
PNW,1d,2017-04-21T00:00:00,85.27,85.92,85.27,85.83,937113.0,normal,2025-12-11T07:49:45.784400Z,2017-04-21
PNW,1d,2017-04-20T00:00:00,85.47,85.54,84.52,85.32,1489008.0,normal,2025-12-11T07:49:45.784400Z,2017-04-20
PNW,1d,2017-04-19T00:00:00,86.14,86.25,85.16,85.61,870706.0,normal,2025-12-11T07:49:45.784400Z,2017-04-19
PNW,1d,2017-04-18T00:00:00,85.81,86.25,85.7,86.18,917700.0,normal,2025-12-11T07:49:45.784400Z,2017-04-18
PNW,1d,2017-04-17T00:00:00,85.49,85.8,85.26,85.74,801411.0,normal,2025-12-11T07:49:45.784400Z,2017-04-17
PNW,1d,2017-04-13T00:00:00,85.39,85.53,84.28,85.23,690301.0,normal,2025-12-11T07:49:45.784400Z,2017-04-13
PNW,1d,2017-04-12T00:00:00,84.79,85.5,84.35,85.37,886300.0,normal,2025-12-11T07:49:45.784400Z,2017-04-12
PNW,1d,2017-04-11T00:00:00,84.36,85.15,84.18,84.79,656186.0,normal,2025-12-11T07:49:45.784400Z,2017-04-11
PNW,1d,2017-04-10T00:00:00,84.34,84.91,83.98,84.78,690400.0,normal,2025-12-11T07:49:45.784400Z,2017-04-10
PNW,1d,2017-04-07T00:00:00,84.66,85.01,84.1,84.26,1087844.0,normal,2025-12-11T07:49:45.784400Z,2017-04-07
PNW,1d,2017-04-06T00:00:00,83.74,84.66,83.38,84.48,899629.0,normal,2025-12-11T07:49:45.784400Z,2017-04-06
PNW,1d,2017-04-05T00:00:00,83.74,84.15,83.42,84.02,756700.0,normal,2025-12-11T07:49:45.784400Z,2017-04-05
PNW,1d,2017-04-04T00:00:00,83.3,84.0,83.1,83.74,489443.0,normal,2025-12-11T07:49:45.784400Z,2017-04-04
PNW,1d,2017-04-03T00:00:00,83.41,83.54,82.62,83.51,497812.0,normal,2025-12-11T07:49:45.784400Z,2017-04-03
PNW,1d,2017-03-31T00:00:00,83.23,83.87,83.0,83.38,584800.0,normal,2025-12-11T07:49:45.784400Z,2017-03-31
PNW,1d,2017-03-30T00:00:00,83.39,83.62,82.84,83.28,402884.0,normal,2025-12-11T07:49:45.784400Z,2017-03-30
PNW,1d,2017-03-29T00:00:00,84.0,84.0,83.36,83.52,622141.0,normal,2025-12-11T07:49:45.784400Z,2017-03-29
PNW,1d,2017-03-28T00:00:00,83.95,84.41,83.77,84.2,441671.0,normal,2025-12-11T07:49:45.784400Z,2017-03-28
PNW,1d,2017-03-27T00:00:00,84.53,84.72,83.67,84.14,606834.0,normal,2025-12-11T07:49:45.784400Z,2017-03-27
PNW,1d,2017-03-24T00:00:00,83.58,84.48,83.49,84.12,415800.0,normal,2025-12-11T07:49:45.784400Z,2017-03-24
PNW,1d,2017-03-23T00:00:00,83.6,84.44,83.09,83.59,359700.0,normal,2025-12-11T07:49:45.784400Z,2017-03-23
PNW,1d,2017-03-22T00:00:00,84.0,84.43,83.49,83.66,507340.0,normal,2025-12-11T07:49:45.784400Z,2017-03-22
PNW,1d,2017-03-21T00:00:00,82.54,83.78,82.42,83.69,650400.0,normal,2025-12-11T07:49:45.784400Z,2017-03-21
PNW,1d,2017-03-20T00:00:00,83.35,83.66,82.23,82.53,606837.0,normal,2025-12-11T07:49:45.784400Z,2017-03-20
PNW,1d,2017-03-17T00:00:00,82.88,83.71,82.73,83.23,942322.0,normal,2025-12-11T07:49:45.784400Z,2017-03-17
PNW,1d,2017-03-16T00:00:00,83.37,83.38,82.37,82.55,850300.0,normal,2025-12-11T07:49:45.784400Z,2017-03-16
PNW,1d,2017-03-15T00:00:00,82.07,83.92,81.79,83.6,629439.0,normal,2025-12-11T07:49:45.784400Z,2017-03-15
PNW,1d,2017-03-14T00:00:00,81.62,81.92,81.3,81.88,606308.0,normal,2025-12-11T07:49:45.784400Z,2017-03-14
PNW,1d,2017-03-13T00:00:00,81.54,81.84,81.35,81.68,432900.0,normal,2025-12-11T07:49:45.784400Z,2017-03-13
PNW,1d,2017-03-10T00:00:00,81.46,81.68,81.0,81.61,424218.0,normal,2025-12-11T07:49:45.784400Z,2017-03-10
PNW,1d,2017-03-09T00:00:00,80.78,81.41,80.6,80.87,475505.0,normal,2025-12-11T07:49:45.784400Z,2017-03-09
PNW,1d,2017-03-08T00:00:00,81.62,81.99,80.78,80.94,850591.0,normal,2025-12-11T07:49:45.784400Z,2017-03-08
PNW,1d,2017-03-07T00:00:00,82.52,83.09,82.23,82.54,763300.0,normal,2025-12-11T07:49:45.784400Z,2017-03-07
PNW,1d,2017-03-06T00:00:00,82.89,83.44,82.7,82.96,700986.0,normal,2025-12-11T07:49:45.784400Z,2017-03-06
PNW,1d,2017-03-03T00:00:00,83.47,83.47,82.35,83.03,702000.0,normal,2025-12-11T07:49:45.784400Z,2017-03-03
PNW,1d,2017-03-02T00:00:00,82.2,83.77,81.92,83.32,1144622.0,normal,2025-12-11T07:49:45.784400Z,2017-03-02
PNW,1d,2017-03-01T00:00:00,81.37,82.56,80.76,82.4,1420526.0,normal,2025-12-11T07:49:45.784400Z,2017-03-01
PNW,1d,2017-02-28T00:00:00,81.13,82.5,81.08,82.19,1029127.0,normal,2025-12-11T07:49:45.784400Z,2017-02-28
PNW,1d,2017-02-27T00:00:00,81.45,81.51,81.03,81.18,543005.0,normal,2025-12-11T07:49:45.784400Z,2017-02-27
PNW,1d,2017-02-24T00:00:00,80.8,81.84,80.63,81.44,820900.0,normal,2025-12-11T07:49:45.784400Z,2017-02-24
PNW,1d,2017-02-23T00:00:00,80.0,80.87,79.8,80.5,551202.0,normal,2025-12-11T07:49:45.784400Z,2017-02-23
PNW,1d,2017-02-22T00:00:00,79.65,79.93,79.21,79.72,382297.0,normal,2025-12-11T07:49:45.784400Z,2017-02-22
PNW,1d,2017-02-21T00:00:00,78.37,79.91,78.32,79.77,395400.0,normal,2025-12-11T07:49:45.784400Z,2017-02-21
PNW,1d,2017-02-17T00:00:00,78.7,78.83,78.09,78.7,412907.0,normal,2025-12-11T07:49:45.784400Z,2017-02-17
PNW,1d,2017-02-16T00:00:00,78.0,78.56,77.8,78.55,489300.0,normal,2025-12-11T07:49:45.784400Z,2017-02-16
PNW,1d,2017-02-15T00:00:00,77.52,78.0,76.89,78.0,1172700.0,normal,2025-12-11T07:49:45.784400Z,2017-02-15
PNW,1d,2017-02-14T00:00:00,78.61,78.61,77.57,78.09,469279.0,normal,2025-12-11T07:49:45.784400Z,2017-02-14
PNW,1d,2017-02-13T00:00:00,78.65,78.91,78.17,78.72,315360.0,normal,2025-12-11T07:49:45.784400Z,2017-02-13
PNW,1d,2017-02-10T00:00:00,77.78,78.73,77.78,78.67,258544.0,normal,2025-12-11T07:49:45.784400Z,2017-02-10
PNW,1d,2017-02-09T00:00:00,78.45,78.93,78.04,78.13,416200.0,normal,2025-12-11T07:49:45.784400Z,2017-02-09
PNW,1d,2017-02-08T00:00:00,78.0,78.87,78.0,78.57,390247.0,normal,2025-12-11T07:49:45.784400Z,2017-02-08
PNW,1d,2017-02-07T00:00:00,77.87,78.31,77.66,77.92,279700.0,normal,2025-12-11T07:49:45.784400Z,2017-02-07
PNW,1d,2017-02-06T00:00:00,78.25,78.49,77.8,77.85,341900.0,normal,2025-12-11T07:49:45.784400Z,2017-02-06
PNW,1d,2017-02-03T00:00:00,78.02,78.46,77.84,78.03,833013.0,normal,2025-12-11T07:49:45.784400Z,2017-02-03
PNW,1d,2017-02-02T00:00:00,76.73,77.98,76.73,77.79,1004716.0,normal,2025-12-11T07:49:45.784400Z,2017-02-02
PNW,1d,2017-02-01T00:00:00,76.98,77.74,76.47,76.69,699200.0,normal,2025-12-11T07:49:45.784400Z,2017-02-01
PNW,1d,2017-01-31T00:00:00,76.5,77.65,76.24,77.63,631005.0,normal,2025-12-11T07:49:45.784400Z,2017-01-31
PNW,1d,2017-01-30T00:00:00,76.23,76.53,75.79,76.44,519500.0,normal,2025-12-11T07:49:45.784400Z,2017-01-30
PNW,1d,2017-01-27T00:00:00,77.06,77.38,76.68,76.77,363100.0,normal,2025-12-11T07:49:45.784400Z,2017-01-27
PNW,1d,2017-01-26T00:00:00,77.07,77.63,76.6,76.98,387142.0,normal,2025-12-11T07:49:45.784400Z,2017-01-26
PNW,1d,2017-01-25T00:00:00,77.15,77.47,76.85,77.14,482700.0,normal,2025-12-11T07:49:45.784400Z,2017-01-25
PNW,1d,2017-01-24T00:00:00,77.35,77.74,76.86,77.44,607500.0,normal,2025-12-11T07:49:45.784400Z,2017-01-24
PNW,1d,2017-01-23T00:00:00,77.2,77.41,76.99,77.2,521828.0,normal,2025-12-11T07:49:45.784400Z,2017-01-23
PNW,1d,2017-01-20T00:00:00,77.19,77.71,76.64,77.02,612928.0,normal,2025-12-11T07:49:45.784400Z,2017-01-20
PNW,1d,2017-01-19T00:00:00,76.85,77.89,76.85,77.05,378000.0,normal,2025-12-11T07:49:45.784400Z,2017-01-19
PNW,1d,2017-01-18T00:00:00,77.96,78.29,77.43,77.89,315838.0,normal,2025-12-11T07:49:45.784400Z,2017-01-18
PNW,1d,2017-01-17T00:00:00,77.83,78.4,77.5,78.0,577351.0,normal,2025-12-11T07:49:45.784400Z,2017-01-17
PNW,1d,2017-01-13T00:00:00,77.37,77.6,76.88,77.26,418831.0,normal,2025-12-11T07:49:45.784400Z,2017-01-13
PNW,1d,2017-01-12T00:00:00,77.63,78.3,77.14,77.5,641763.0,normal,2025-12-11T07:49:45.784400Z,2017-01-12
PNW,1d,2017-01-11T00:00:00,76.92,77.86,76.92,77.72,549618.0,normal,2025-12-11T07:49:45.784400Z,2017-01-11
PNW,1d,2017-01-10T00:00:00,77.34,77.74,76.84,77.13,899800.0,normal,2025-12-11T07:49:45.784400Z,2017-01-10
PNW,1d,2017-01-09T00:00:00,78.54,78.8,77.18,77.23,464478.0,normal,2025-12-11T07:49:45.784400Z,2017-01-09
PNW,1d,2017-01-06T00:00:00,78.13,78.8,77.8,78.49,724940.0,normal,2025-12-11T07:49:45.784400Z,2017-01-06
PNW,1d,2017-01-05T00:00:00,77.95,78.59,77.09,78.39,1230800.0,normal,2025-12-11T07:49:45.784400Z,2017-01-05
PNW,1d,2017-01-04T00:00:00,77.49,78.0,77.27,77.75,728629.0,normal,2025-12-11T07:49:45.784400Z,2017-01-04
PNW,1d,2017-01-03T00:00:00,77.99,78.02,76.97,77.32,517304.0,normal,2025-12-11T07:49:45.784400Z,2017-01-03
